41
0.00 77.92 71.20 61.90 82.77 62.03 83.02 71.94 77.11 64.17 81.56 64.12 59.69 63.89 84.26 71.68 79.50 66.36 82.81 78.96 71.50 58.65 56.55 67.09 75.70 71.89 86.89 77.76 57.97 69.68 72.19 84.98 72.29 74.99 67.75 70.43 70.65 69.57 66.64 74.95 62.11
77.92 0.00 13.39 21.12 11.84 18.77 10.76 14.29 9.65 16.41 5.65 27.48 20.65 16.48 11.77 21.21 12.13 14.49 8.04 7.72 24.22 28.24 27.20 21.60 4.74 21.22 10.52 13.10 25.82 8.83 7.70 7.21 18.05 13.30 31.02 7.65 25.72 12.21 28.23 10.66 18.27
71.20 13.39 0.00 9.73 11.69 9.21 24.07 12.00 12.48 7.30 19.03 14.18 11.55 7.65 13.32 8.33 8.30 5.37 13.00 8.90 11.30 15.89 15.93 8.25 16.05 8.39 17.18 6.63 14.41 8.05 6.31 17.46 5.37 10.49 17.69 9.53 12.65 10.86 14.84 11.86 9.23
61.90 21.12 9.73 0.00 21.38 11.22 30.93 10.18 20.14 5.06 26.60 9.04 9.55 5.18 23.04 10.94 17.90 6.65 22.59 18.47 12.30 7.27 6.28 6.50 22.12 11.15 26.80 16.00 4.79 12.82 13.46 26.54 10.59 13.24 14.63 14.46 12.52 9.20 11.45 13.78 10.95
82.77 11.84 11.69 21.38 0.00 20.76 20.87 11.25 11.65 18.61 15.53 23.80 23.09 18.91 10.52 15.33 9.26 16.44 4.56 4.85 17.82 26.93 27.47 18.23 16.54 15.22 7.08 5.70 25.95 14.81 11.75 10.05 12.78 8.27 25.23 15.06 19.47 13.24 23.28 7.82 20.66
62.03 18.77 9.21 11.22 20.76 0.00 28.13 10.11 17.79 13.10 24.06 12.40 11.37 13.37 22.29 12.90 17.48 4.56 21.29 17.24 14.77 10.38 8.54 9.01 19.26 13.09 25.50 15.83 7.28 10.10 11.33 24.71 11.74 13.08 17.90 11.65 15.25 7.69 14.68 12.94 8.86
83.02 10.76 24.07 30.93 20.87 28.13 0.00 25.03 11.61 25.94 5.44 38.00 29.64 25.91 20.09 31.98 22.21 24.33 16.34 17.88 34.98 38.19 36.66 32.20 8.87 31.98 16.12 23.52 35.40 18.11 18.04 11.54 28.81 24.01 41.74 16.49 36.48 22.57 38.90 21.41 27.51
71.94 14.29 12.00 10.18 11.25 10.11 25.03 0.00 13.42 8.39 19.89 13.61 12.42 8.76 12.96 7.08 7.72 6.63 13.08 9.07 10.08 15.85 16.23 7.67 17.22 7.12 17.18 5.84 14.70 9.48 7.56 17.84 11.65 10.87 16.73 10.92 11.50 4.40 14.00 4.18 10.21
77.11 9.65 12.48 20.14 11.65 17.79 11.61 13.42 0.00 15.43 6.59 26.54 19.69 15.50 11.72 20.38 11.65 13.51 8.12 7.29 23.39 27.27 26.22 20.67 4.92 20.39 10.93 12.50 24.84 7.89 6.73 7.92 17.22 12.54 30.13 6.76 24.88 11.24 27.32 9.89 17.30
64.17 16.41 7.30 5.06 18.61 13.10 25.94 8.39 15.43 0.00 21.76 13.51 4.59 8.96 20.10 12.39 15.44 11.39 18.96 14.94 14.64 12.33 10.82 9.16 17.10 12.56 23.16 13.91 9.49 7.84 8.94 22.31 10.69 11.22 18.70 9.45 15.36 5.41 15.48 10.80 12.90
81.56 5.65 19.03 26.60 15.53 24.06 5.44 19.89 6.59 21.76 0.00 33.13 25.81 21.79 14.87 26.73 16.77 19.94 11.04 12.44 29.72 33.78 32.57 27.25 5.85 26.73 11.48 18.10 31.23 13.97 13.29 6.88 23.57 18.68 36.62 12.52 31.25 17.82 33.86 16.12 23.51
64.12 27.48 14.18 9.04 23.80 12.40 38.00 13.61 26.54 13.51 33.13 0.00 12.85 13.75 25.61 8.78 20.26 14.25 26.49 22.61 7.56 5.79 9.08 5.95 29.53 8.95 30.43 18.13 8.37 20.38 19.96 31.45 11.02 15.92 5.78 22.09 6.54 15.44 10.95 17.78 13.13
59.69 20.65 11.55 9.55 23.09 11.37 29.64 12.42 19.69 4.59 25.81 12.85 0.00 4.37 24.62 14.69 19.83 6.80 23.54 19.52 16.28 9.76 7.21 10.46 20.77 14.89 27.75 18.16 6.24 11.86 13.41 26.81 13.82 15.41 18.55 13.30 16.56 9.98 15.41 15.28 11.10
63.89 16.48 7.65 5.18 18.91 13.37 25.91 8.76 15.50 8.96 21.79 13.75 4.37 0.00 20.38 12.77 15.76 11.18 19.18 15.18 15.00 12.41 10.79 9.50 17.06 12.94 23.38 14.25 9.49 7.84 9.07 22.46 11.08 11.57 18.99 9.42 15.71 5.68 15.76 11.10 13.17
84.26 11.77 13.32 23.04 10.52 22.29 20.09 12.96 11.72 20.10 14.87 25.61 24.62 20.38 0.00 17.13 5.38 17.90 9.66 5.68 19.59 28.70 29.17 20.02 16.51 17.02 5.44 7.50 27.64 15.79 12.78 8.89 14.58 10.02 27.00 15.87 21.24 14.70 25.08 9.36 22.16
71.68 21.21 8.33 10.94 15.33 12.90 31.98 7.08 20.38 12.39 26.73 8.78 14.69 12.77 17.13 0.00 11.92 11.66 18.54 15.00 10.50 13.22 15.17 4.68 24.30 9.08 22.21 9.84 13.82 16.25 14.62 23.86 10.28 8.19 10.12 17.81 4.53 10.86 7.95 10.62 13.38
79.50 12.13 8.30 17.90 9.26 17.48 22.21 7.72 11.65 15.44 16.77 20.26 19.83 15.76 5.38 11.92 0.00 13.33 6.82 4.42 14.54 23.34 23.94 14.64 16.51 11.82 10.29 10.10 22.41 12.76 9.70 12.38 9.24 4.70 21.95 13.37 16.19 10.21 19.86 4.77 17.45
66.36 14.49 5.37 6.65 16.44 4.56 24.33 6.63 13.51 11.39 19.94 14.25 6.80 11.18 17.90 11.66 13.33 0.00 16.74 12.72 14.20 13.87 12.74 9.21 15.58 11.80 20.95 11.89 11.34 6.27 6.88 20.18 9.50 9.27 19.06 7.96 15.14 11.03 15.89 8.64 4.30
82.81 8.04 13.00 22.59 4.56 21.29 16.34 13.08 8.12 18.96 11.04 26.49 23.54 19.18 9.66 18.54 6.82 16.74 0.00 9.41 21.27 28.87 28.85 20.65 12.76 18.46 4.22 8.74 27.34 13.41 10.66 5.62 15.63 10.58 28.64 13.15 22.92 13.61 26.39 8.96 21.04
78.96 7.72 8.90 18.47 4.85 17.24 17.88 9.07 7.29 14.94 12.44 22.61 19.52 15.18 5.68 15.00 4.42 12.72 9.41 0.00 17.87 24.79 24.74 16.71 12.19 14.95 8.33 5.68 23.23 10.11 7.12 8.89 11.96 6.84 25.12 10.25 19.49 9.55 22.70 4.90 17.02
71.50 24.22 11.30 12.30 17.82 14.77 34.98 10.08 23.39 14.64 29.72 7.56 16.28 15.00 19.59 10.50 14.54 14.20 21.27 17.87 0.00 12.86 15.43 5.82 27.30 10.72 24.81 12.53 14.25 19.14 17.60 26.68 6.17 11.11 7.42 20.72 10.26 13.73 5.84 13.60 15.34
58.65 28.24 15.89 7.27 26.93 10.38 38.19 15.85 27.27 12.33 33.78 5.79 9.76 12.41 28.70 13.22 23.34 13.87 28.87 24.79 12.86 0.00 13.55 8.95 29.39 13.42 33.01 21.27 12.07 20.08 20.54 33.27 14.54 18.68 11.04 21.74 12.12 16.10 8.68 19.91 11.10
56.55 27.20 15.93 6.28 27.47 8.54 36.66 16.23 26.22 10.82 32.57 9.08 7.21 10.79 29.17 15.17 23.94 12.74 28.85 24.74 15.43 13.55 0.00 10.54 27.79 15.39 33.06 21.96 11.08 18.63 19.62 32.80 15.82 19.24 14.61 20.19 14.97 15.47 12.02 20.00 9.15
67.09 21.60 8.25 6.50 18.23 9.01 32.20 7.67 20.67 9.16 27.25 5.95 10.46 9.50 20.02 4.68 14.64 9.21 20.65 16.71 5.82 8.95 10.54 0.00 23.88 4.89 24.65 12.53 9.16 14.96 14.19 25.52 5.61 10.12 9.91 16.64 6.26 9.75 6.82 11.85 9.61
75.70 4.74 16.05 22.12 16.54 19.26 8.87 17.22 4.92 17.10 5.85 29.53 20.77 17.06 16.51 24.30 16.51 15.58 12.76 12.19 27.30 29.39 27.79 23.88 0.00 24.33 14.89 17.20 26.54 9.32 9.76 10.93 21.18 16.89 33.65 7.66 28.69 14.13 30.68 14.21 18.64
71.89 21.22 8.39 11.15 15.22 13.09 31.98 7.12 20.39 12.56 26.73 8.95 14.89 12.94 17.02 9.08 11.82 11.80 18.46 14.95 10.72 13.42 15.39 4.89 24.33 0.00 22.12 9.75 14.04 16.34 14.67 23.80 10.50 8.15 10.19 17.89 4.55 10.96 8.06 10.61 13.57
86.89 10.52 17.18 26.80 7.08 25.50 16.12 17.18 10.93 23.16 11.48 30.43 27.75 23.38 5.44 22.21 10.29 20.95 4.22 8.33 24.81 33.01 33.06 24.65 14.89 22.12 0.00 12.38 31.55 17.30 14.71 4.63 19.46 14.53 32.22 16.84 26.46 17.83 30.14 13.12 25.24
77.76 13.10 6.63 16.00 5.70 15.83 23.52 5.84 12.50 13.91 18.10 18.13 18.16 14.25 7.50 9.84 10.10 11.89 8.74 5.68 12.53 21.27 21.96 12.53 17.20 9.75 12.38 0.00 20.44 12.24 9.32 14.22 7.11 12.24 19.91 13.11 14.18 8.90 17.76 10.02 15.86
57.97 25.82 14.41 4.79 25.95 7.28 35.40 14.70 24.84 9.49 31.23 8.37 6.24 9.49 27.64 13.82 22.41 11.34 27.34 23.23 14.25 12.07 11.08 9.16 26.54 14.04 31.55 20.44 0.00 17.32 18.20 31.34 14.35 17.71 14.06 18.91 13.91 14.00 11.29 18.48 7.93
69.68 8.83 8.05 12.82 14.81 10.10 18.11 9.48 7.89 7.84 13.97 20.38 11.86 7.84 15.79 16.25 12.76 6.27 13.41 10.11 19.14 20.08 18.63 14.96 9.32 16.34 17.30 12.24 17.32 0.00 9.95 15.42 13.41 10.56 24.86 12.43 20.34 5.41 21.77 8.41 9.54
72.19 7.70 6.31 13.46 11.75 11.33 18.04 7.56 6.73 8.94 13.29 19.96 13.41 9.07 12.78 14.62 9.70 6.88 10.66 7.12 17.60 20.54 19.62 14.19 9.76 14.67 14.71 9.32 18.20 9.95 0.00 13.40 11.57 7.95 23.90 11.57 18.96 4.54 20.95 5.55 10.92
84.98 7.21 17.46 26.54 10.05 24.71 11.54 17.84 7.92 22.31 6.88 31.45 26.81 22.46 8.89 23.86 12.38 20.18 5.62 8.89 26.68 33.27 32.80 25.52 10.93 23.80 4.63 14.22 31.34 15.42 13.40 0.00 20.84 15.72 33.98 14.55 28.31 17.34 31.59 13.67 24.32
72.29 18.05 5.37 10.59 12.78 11.74 28.81 11.65 17.22 10.69 23.57 11.02 13.82 11.08 14.58 10.28 9.24 9.50 15.63 11.96 6.17 14.54 15.82 5.61 21.18 10.50 19.46 7.11 14.35 13.41 11.57 20.84 0.00 5.12 13.18 14.90 7.68 8.12 10.76 7.47 12.08
74.99 13.30 10.49 13.24 8.27 13.08 24.01 10.87 12.54 11.22 18.68 15.92 15.41 11.57 10.02 8.19 4.70 9.27 10.58 6.84 11.11 18.68 19.24 10.12 16.89 8.15 14.53 12.24 17.71 10.56 7.95 15.72 5.12 0.00 18.29 11.70 12.70 6.46 15.87 9.47 13.13
67.75 31.02 17.69 14.63 25.23 17.90 41.74 16.73 30.13 18.70 36.62 5.78 18.55 18.99 27.00 10.12 21.95 19.06 28.64 25.12 7.42 11.04 14.61 9.91 33.65 10.19 32.22 19.91 14.06 24.86 23.90 33.98 13.18 18.29 0.00 26.54 5.76 19.58 10.18 20.62 18.61
70.43 7.65 9.53 14.46 15.06 11.65 16.49 10.92 6.76 9.45 12.52 22.09 13.30 9.42 15.87 17.81 13.37 7.96 13.15 10.25 20.72 21.74 20.19 16.64 7.66 17.89 16.84 13.11 18.91 12.43 11.57 14.55 14.90 11.70 26.54 0.00 21.96 7.02 23.46 9.35 11.06
70.65 25.72 12.65 12.52 19.47 15.25 36.48 11.50 24.88 15.36 31.25 6.54 16.56 15.71 21.24 4.53 16.19 15.14 22.92 19.49 10.26 12.12 14.97 6.26 28.69 4.55 26.46 14.18 13.91 20.34 18.96 28.31 7.68 12.70 5.76 21.96 0.00 14.94 4.42 15.15 15.87
69.57 12.21 10.86 9.20 13.24 7.69 22.57 4.40 11.24 5.41 17.82 15.44 9.98 5.68 14.70 10.86 10.21 11.03 13.61 9.55 13.73 16.10 15.47 9.75 14.13 10.96 17.83 8.90 14.00 5.41 4.54 17.34 8.12 6.46 19.58 7.02 14.94 0.00 16.56 5.47 7.49
66.64 28.23 14.84 11.45 23.28 14.68 38.90 14.00 27.32 15.48 33.86 10.95 15.41 15.76 25.08 7.95 19.86 15.89 26.39 22.70 5.84 8.68 12.02 6.82 30.68 8.06 30.14 17.76 11.29 21.77 20.95 31.59 10.76 15.87 10.18 23.46 4.42 16.56 0.00 18.03 15.40
74.95 10.66 11.86 13.78 7.82 12.94 21.41 4.18 9.89 10.80 16.12 17.78 15.28 11.10 9.36 10.62 4.77 8.64 8.96 4.90 13.60 19.91 20.00 11.85 14.21 10.61 13.12 10.02 18.48 8.41 5.55 13.67 7.47 9.47 20.62 9.35 15.15 5.47 18.03 0.00 12.84
62.11 18.27 9.23 10.95 20.66 8.86 27.51 10.21 17.30 12.90 23.51 13.13 11.10 13.17 22.16 13.38 17.45 4.30 21.04 17.02 15.34 11.10 9.15 9.61 18.64 13.57 25.24 15.86 7.93 9.54 10.92 24.32 12.08 13.13 18.61 11.06 15.87 7.49 15.40 12.84 0.00
0	0	1700	0	0	0
1	48	128	1	0	15
2	71	151	1	0	12
3	92	172	1	0	27
4	169	249	1	0	21
5	254	334	1	0	16
6	325	405	1	0	10
7	365	445	1	0	14
8	388	468	1	0	25
9	430	510	1	0	33
10	498	578	-1	6	0
11	568	648	1	0	20
12	589	669	-1	2	0
13	596	676	1	0	29
14	625	705	-1	7	0
15	649	729	-1	1	0
16	666	746	-1	5	0
17	684	764	1	0	34
18	722	802	1	0	40
19	742	822	1	0	37
20	797	877	-1	11	0
21	832	912	-1	4	0
22	861	941	1	0	28
23	882	962	1	0	36
24	931	1011	1	0	30
25	969	1049	-1	8	0
26	1004	1084	1	0	31
27	1021	1101	-1	3	0
28	1050	1130	-1	22	0
29	1075	1155	-1	13	0
30	1089	1169	-1	24	0
31	1109	1189	-1	26	0
32	1135	1215	1	0	39
33	1142	1222	-1	9	0
34	1168	1248	-1	17	0
35	1201	1281	1	0	38
36	1233	1313	-1	23	0
37	1254	1334	-1	19	0
38	1278	1358	-1	35	0
39	1300	1380	-1	32	0
40	1319	1399	-1	18	0
C:
0 3 3 3 3 3 3 3 3 3 3 3 3 3 3 3 3 3 3 3 3 3 3 3 3 3 3 3 3 3 3 3 3 3 3 3 3 3 3 3 3 3
1 0 1 1 1 1 1 1 1 1 1 1 1 1 1 1 1 1 1 1 1 1 1 1 1 1 1 1 1 1 1 1 1 1 1 1 1 1 1 1 1 1
1 1 0 1 1 1 1 1 1 1 1 1 1 1 1 1 1 1 1 1 1 1 1 1 1 1 1 1 1 1 1 1 1 1 1 1 1 1 1 1 1 1
1 1 1 0 1 1 1 1 1 1 1 1 1 1 1 1 1 1 1 1 1 1 1 1 1 1 1 1 1 1 1 1 1 1 1 1 1 1 1 1 1 1
1 1 1 1 0 1 1 1 1 1 1 1 1 1 1 1 1 1 1 1 1 1 1 1 1 1 1 1 1 1 1 1 1 1 1 1 1 1 1 1 1 1
1 1 1 1 1 0 1 1 1 1 1 1 1 1 1 1 1 1 1 1 1 1 1 1 1 1 1 1 1 1 1 1 1 1 1 1 1 1 1 1 1 1
2 2 2 2 2 2 0 2 2 2 2 2 2 2 2 2 2 2 2 2 2 2 2 2 2 2 2 2 2 2 2 2 2 2 2 2 2 2 2 2 2 2
1 1 1 1 1 1 1 0 1 1 1 1 1 1 1 1 1 1 1 1 1 1 1 1 1 1 1 1 1 1 1 1 1 1 1 1 1 1 1 1 1 1
1 1 1 1 1 1 1 1 0 1 1 1 1 1 1 1 1 1 1 1 1 1 1 1 1 1 1 1 1 1 1 1 1 1 1 1 1 1 1 1 1 1
1 1 1 1 1 1 1 1 1 0 1 1 1 1 1 1 1 1 1 1 1 1 1 1 1 1 1 1 1 1 1 1 1 1 1 1 1 1 1 1 1 1
2 2 2 2 2 2 2 2 2 2 0 2 2 2 2 2 2 2 2 2 2 2 2 2 2 2 2 2 2 2 2 2 2 2 2 2 2 2 2 2 2 2
1 1 1 1 1 1 1 1 1 1 1 0 1 1 1 1 1 1 1 1 1 1 1 1 1 1 1 1 1 1 1 1 1 1 1 1 1 1 1 1 1 1
1 1 1 1 1 1 1 1 1 1 1 1 0 1 1 1 1 1 1 1 1 1 1 1 1 1 1 1 1 1 1 1 1 1 1 1 1 1 1 1 1 1
1 1 1 1 1 1 1 1 1 1 1 1 1 0 1 1 1 1 1 1 1 1 1 1 1 1 1 1 1 1 1 1 1 1 1 1 1 1 1 1 1 1
1 1 1 1 1 1 1 1 1 1 1 1 1 1 0 1 1 1 1 1 1 1 1 1 1 1 1 1 1 1 1 1 1 1 1 1 1 1 1 1 1 1
1 1 1 1 1 1 1 1 1 1 1 1 1 1 1 0 1 1 1 1 1 1 1 1 1 1 1 1 1 1 1 1 1 1 1 1 1 1 1 1 1 1
1 1 1 1 1 1 1 1 1 1 1 1 1 1 1 1 0 1 1 1 1 1 1 1 1 1 1 1 1 1 1 1 1 1 1 1 1 1 1 1 1 1
1 1 1 1 1 1 1 1 1 1 1 1 1 1 1 1 1 0 1 1 1 1 1 1 1 1 1 1 1 1 1 1 1 1 1 1 1 1 1 1 1 1
1 1 1 1 1 1 1 1 1 1 1 1 1 1 1 1 1 1 0 1 1 1 1 1 1 1 1 1 1 1 1 1 1 1 1 1 1 1 1 1 1 1
1 1 1 1 1 1 1 1 1 1 1 1 1 1 1 1 1 1 1 0 1 1 1 1 1 1 1 1 1 1 1 1 1 1 1 1 1 1 1 1 1 1
1 1 1 1 1 1 1 1 1 1 1 1 1 1 1 1 1 1 1 1 0 1 1 1 1 1 1 1 1 1 1 1 1 1 1 1 1 1 1 1 1 1
2 2 2 2 2 2 2 2 2 2 2 2 2 2 2 2 2 2 2 2 2 0 2 2 2 2 2 2 2 2 2 2 2 2 2 2 2 2 2 2 2 2
2 2 2 2 2 2 2 2 2 2 2 2 2 2 2 2 2 2 2 2 2 2 0 2 2 2 2 2 2 2 2 2 2 2 2 2 2 2 2 2 2 2
1 1 1 1 1 1 1 1 1 1 1 1 1 1 1 1 1 1 1 1 1 1 1 0 1 1 1 1 1 1 1 1 1 1 1 1 1 1 1 1 1 1
2 2 2 2 2 2 2 2 2 2 2 2 2 2 2 2 2 2 2 2 2 2 2 2 0 2 2 2 2 2 2 2 2 2 2 2 2 2 2 2 2 2
1 1 1 1 1 1 1 1 1 1 1 1 1 1 1 1 1 1 1 1 1 1 1 1 1 0 1 1 1 1 1 1 1 1 1 1 1 1 1 1 1 1
2 2 2 2 2 2 2 2 2 2 2 2 2 2 2 2 2 2 2 2 2 2 2 2 2 2 0 2 2 2 2 2 2 2 2 2 2 2 2 2 2 2
1 1 1 1 1 1 1 1 1 1 1 1 1 1 1 1 1 1 1 1 1 1 1 1 1 1 1 0 1 1 1 1 1 1 1 1 1 1 1 1 1 1
1 1 1 1 1 1 1 1 1 1 1 1 1 1 1 1 1 1 1 1 1 1 1 1 1 1 1 1 0 1 1 1 1 1 1 1 1 1 1 1 1 1
1 1 1 1 1 1 1 1 1 1 1 1 1 1 1 1 1 1 1 1 1 1 1 1 1 1 1 1 1 0 1 1 1 1 1 1 1 1 1 1 1 1
1 1 1 1 1 1 1 1 1 1 1 1 1 1 1 1 1 1 1 1 1 1 1 1 1 1 1 1 1 1 0 1 1 1 1 1 1 1 1 1 1 1
2 2 2 2 2 2 2 2 2 2 2 2 2 2 2 2 2 2 2 2 2 2 2 2 2 2 2 2 2 2 2 0 2 2 2 2 2 2 2 2 2 2
1 1 1 1 1 1 1 1 1 1 1 1 1 1 1 1 1 1 1 1 1 1 1 1 1 1 1 1 1 1 1 1 0 1 1 1 1 1 1 1 1 1
1 1 1 1 1 1 1 1 1 1 1 1 1 1 1 1 1 1 1 1 1 1 1 1 1 1 1 1 1 1 1 1 1 0 1 1 1 1 1 1 1 1
2 2 2 2 2 2 2 2 2 2 2 2 2 2 2 2 2 2 2 2 2 2 2 2 2 2 2 2 2 2 2 2 2 2 0 2 2 2 2 2 2 2
1 1 1 1 1 1 1 1 1 1 1 1 1 1 1 1 1 1 1 1 1 1 1 1 1 1 1 1 1 1 1 1 1 1 1 0 1 1 1 1 1 1
1 1 1 1 1 1 1 1 1 1 1 1 1 1 1 1 1 1 1 1 1 1 1 1 1 1 1 1 1 1 1 1 1 1 1 1 0 1 1 1 1 1
1 1 1 1 1 1 1 1 1 1 1 1 1 1 1 1 1 1 1 1 1 1 1 1 1 1 1 1 1 1 1 1 1 1 1 1 1 0 1 1 1 1
2 2 2 2 2 2 2 2 2 2 2 2 2 2 2 2 2 2 2 2 2 2 2 2 2 2 2 2 2 2 2 2 2 2 2 2 2 2 0 2 2 2
1 1 1 1 1 1 1 1 1 1 1 1 1 1 1 1 1 1 1 1 1 1 1 1 1 1 1 1 1 1 1 1 1 1 1 1 1 1 1 0 1 1
1 1 1 1 1 1 1 1 1 1 1 1 1 1 1 1 1 1 1 1 1 1 1 1 1 1 1 1 1 1 1 1 1 1 1 1 1 1 1 1 0 1
3 3 3 3 3 3 3 3 3 3 3 3 3 3 3 3 3 3 3 3 3 3 3 3 3 3 3 3 3 3 3 3 3 3 3 3 3 3 3 3 3 0
Time:
0	15
15	30
30	45
45	60
60	75
75	90
90	105
105	120
120	135
135	150
150	165
165	180
180	195
195	210
210	225
225	240
240	255
255	270
270	285
285	300
300	315
315	330
330	345
345	360
360	375
375	390
390	405
405	420
420	435
435	450
450	465
465	480
480	495
495	510
510	525
525	540
540	555
555	570
570	585
585	600
600	615
615	630
630	645
645	660
660	675
675	690
690	705
705	720
720	735
735	750
750	765
765	780
780	795
795	810
810	825
825	840
840	855
855	870
870	885
885	900
900	915
915	930
930	945
945	960
960	975
975	990
990	1005
1005	1020
1020	1035
1035	1050
1050	1065
1065	1080
1080	2000
Speed:
0.925	0.85	0.925	1	0.8325	0.765	0.8325	0.9	0.4625	0.425	0.4625	0.5	0.30525	0.2805	0.30525	0.33	0.37	0.34	0.37	0.4	0.555	0.51	0.555	0.6	0.6475	0.595	0.6475	0.7	0.37	0.34	0.37	0.4	0.30525	0.2805	0.30525	0.33	0.4625	0.425	0.4625	0.5	0.6475	0.595	0.6475	0.7	0.74	0.68	0.74	0.8	0.6475	0.595	0.6475	0.7	0.4625	0.425	0.4625	0.5	0.555	0.51	0.555	0.6	0.6475	0.595	0.6475	0.7	0.8325	0.765	0.8325	0.9	0.925	0.85	0.925	1	1
0.925	0.85	0.925	1	0.8325	0.765	0.8325	0.9	0.4625	0.425	0.4625	0.5	0.30525	0.2805	0.30525	0.33	0.37	0.34	0.37	0.4	0.555	0.51	0.555	0.6	0.6475	0.595	0.6475	0.7	0.37	0.34	0.37	0.4	0.30525	0.2805	0.30525	0.33	0.4625	0.425	0.4625	0.5	0.6475	0.595	0.6475	0.7	0.74	0.68	0.74	0.8	0.6475	0.595	0.6475	0.7	0.4625	0.425	0.4625	0.5	0.555	0.51	0.555	0.6	0.6475	0.595	0.6475	0.7	0.8325	0.765	0.8325	0.9	0.925	0.85	0.925	1	1
0.925	0.85	0.925	1	0.8325	0.765	0.8325	0.9	0.4625	0.425	0.4625	0.5	0.30525	0.2805	0.30525	0.33	0.37	0.34	0.37	0.4	0.555	0.51	0.555	0.6	0.6475	0.595	0.6475	0.7	0.37	0.34	0.37	0.4	0.30525	0.2805	0.30525	0.33	0.4625	0.425	0.4625	0.5	0.6475	0.595	0.6475	0.7	0.74	0.68	0.74	0.8	0.6475	0.595	0.6475	0.7	0.4625	0.425	0.4625	0.5	0.555	0.51	0.555	0.6	0.6475	0.595	0.6475	0.7	0.8325	0.765	0.8325	0.9	0.925	0.85	0.925	1	1
