41
0.00 85.14 72.03 68.54 85.65 62.76 90.45 84.58 81.36 46.82 79.45 56.55 72.58 77.67 79.38 68.77 52.81 57.67 68.63 100.17 63.26 70.67 72.93 91.39 69.09 70.85 57.57 80.50 91.10 100.50 73.46 72.03 63.54 92.39 72.43 53.54 72.49 71.44 57.69 63.42 84.74
85.14 0.00 21.67 27.37 12.23 22.38 15.90 8.83 5.00 41.30 6.77 28.79 28.26 20.95 5.92 18.25 39.77 27.47 16.88 19.28 21.97 30.07 13.81 6.89 16.14 18.94 41.23 4.64 14.00 37.04 13.79 22.55 21.63 7.71 13.27 32.68 12.70 23.95 29.26 22.17 9.58
72.03 21.67 0.00 35.40 14.92 17.39 18.85 21.98 21.94 36.79 21.35 23.13 38.88 5.84 19.36 8.75 39.55 20.54 12.72 29.16 15.70 39.63 21.89 24.64 14.28 4.49 44.31 18.74 20.06 31.04 22.77 32.54 16.20 25.64 19.43 28.20 16.96 33.65 27.49 20.87 23.30
68.54 27.37 35.40 0.00 36.84 19.67 41.86 26.33 22.40 21.85 20.85 18.97 4.83 39.11 22.58 26.70 16.16 20.55 22.68 46.64 21.23 4.42 15.05 33.95 21.15 30.92 14.69 24.37 40.57 62.05 14.54 5.00 20.51 34.55 17.11 17.93 19.49 10.06 14.01 15.64 25.33
85.65 12.23 14.92 36.84 0.00 25.13 5.39 13.14 15.81 45.86 16.66 32.03 38.74 11.30 14.58 17.13 46.31 29.91 18.57 14.57 23.95 40.24 21.85 11.33 18.98 14.86 49.27 12.88 5.45 25.44 22.30 32.51 24.00 12.15 20.07 36.82 18.08 33.88 34.49 26.84 14.74
62.76 22.38 17.39 19.67 25.13 0.00 30.48 21.84 18.83 20.77 17.01 6.91 23.95 22.38 16.67 9.09 22.32 5.11 6.57 38.79 11.09 24.08 11.64 28.73 6.48 13.30 26.93 17.74 30.32 47.48 12.48 18.37 11.16 29.71 10.26 11.73 9.79 19.07 10.17 11.72 22.10
90.45 15.90 18.85 41.86 5.39 30.48 0.00 16.93 20.17 51.23 21.30 37.37 43.50 14.07 19.35 22.29 51.68 35.22 23.92 10.45 29.27 45.10 26.96 12.60 24.36 19.62 54.54 17.58 10.84 21.14 27.36 37.39 29.34 13.07 25.30 42.18 23.39 38.77 39.87 32.23 18.45
84.58 8.83 21.98 26.33 13.14 21.84 16.93 0.00 13.83 40.51 5.83 28.15 27.19 21.52 5.22 18.12 38.86 26.91 16.53 20.31 21.50 29.00 12.92 7.81 15.69 19.06 40.24 4.19 15.06 38.06 12.86 21.49 21.13 8.59 12.50 31.95 12.09 22.89 28.47 21.48 9.13
81.36 5.00 21.94 22.40 15.81 18.83 20.17 13.83 0.00 36.78 11.76 24.82 23.47 22.54 10.91 16.60 34.91 23.79 14.24 24.27 18.72 25.21 9.05 11.80 13.11 18.42 36.25 9.63 18.53 41.15 8.92 17.62 18.27 12.54 8.96 28.37 9.08 19.02 24.75 18.01 14.57
46.82 41.30 36.79 21.85 45.86 20.77 51.23 40.51 36.78 0.00 34.83 13.98 26.16 42.35 35.39 29.53 7.86 16.40 27.31 59.16 22.10 24.49 27.78 48.10 26.94 33.37 14.82 36.88 50.96 67.71 28.09 25.21 21.94 48.99 28.03 9.05 28.95 24.62 12.04 19.37 40.25
79.45 6.77 21.35 20.85 16.66 17.01 21.30 5.83 11.76 34.83 0.00 22.90 22.20 22.45 10.89 15.38 33.03 21.92 12.72 25.95 16.97 23.85 7.12 13.64 11.48 17.58 34.50 10.02 19.81 42.10 7.03 16.18 16.49 14.41 7.02 26.41 7.33 17.57 22.79 16.07 5.43
56.55 28.79 23.13 18.97 32.03 6.91 37.37 28.15 24.82 13.98 22.90 0.00 23.74 28.54 22.94 15.56 16.65 12.02 13.47 45.67 8.13 23.21 16.51 35.34 13.32 19.48 22.27 24.19 37.23 53.85 17.14 19.48 8.03 36.29 15.88 5.08 16.09 19.70 5.59 6.91 28.22
72.58 28.26 38.88 4.83 38.74 23.95 43.50 27.19 23.47 26.16 22.20 23.74 0.00 42.16 24.18 30.31 19.82 25.23 26.25 47.28 25.44 9.25 17.53 34.45 24.63 34.39 16.84 25.93 41.98 64.15 16.83 6.43 24.70 34.92 19.85 22.74 22.34 5.23 18.83 19.96 25.98
77.67 20.95 5.84 39.11 11.30 22.38 14.07 21.52 22.54 42.35 22.45 28.54 42.16 0.00 20.27 13.33 44.70 26.00 16.85 24.53 20.77 43.15 24.69 22.28 18.15 9.10 49.09 19.17 15.73 25.36 25.47 35.73 21.16 23.19 22.31 33.61 19.82 36.95 32.55 25.51 23.04
79.38 5.92 19.36 22.58 14.58 16.67 19.35 5.22 10.91 35.39 10.89 22.94 24.18 20.27 0.00 13.92 34.06 21.72 11.71 24.59 16.42 25.75 8.15 12.72 10.69 15.75 35.90 9.41 17.99 40.02 8.30 18.04 16.01 13.60 7.37 26.76 6.90 19.42 23.36 16.27 5.46
68.77 18.25 8.75 26.70 17.13 9.09 22.29 18.12 16.60 29.53 15.38 15.56 30.31 13.33 13.92 0.00 31.40 13.18 12.60 31.47 7.53 30.96 13.89 23.35 5.72 4.35 35.79 14.07 22.54 38.41 14.83 24.05 7.86 24.38 11.48 20.59 9.23 25.10 19.24 12.23 19.01
52.81 39.77 39.55 16.16 46.31 22.32 51.68 38.86 34.91 7.86 33.03 16.65 19.82 44.70 34.06 31.40 0.00 19.27 28.36 58.55 23.94 17.87 25.96 46.65 27.53 35.61 7.05 35.73 51.03 69.74 26.00 20.43 23.54 47.44 26.89 11.89 28.41 19.51 12.16 19.61 38.29
57.67 27.47 20.54 20.55 29.91 5.11 35.22 26.91 23.79 16.40 21.92 12.02 25.23 26.00 21.72 13.18 19.27 0.00 11.47 43.78 5.98 24.89 16.00 33.84 11.58 16.98 24.81 22.83 35.19 51.34 16.73 20.49 6.05 34.82 15.00 7.65 14.82 20.87 7.92 6.60 27.11
68.63 16.88 12.72 22.68 18.57 6.57 23.92 16.53 14.24 27.31 12.72 13.47 26.25 16.85 11.71 12.60 28.36 11.47 0.00 32.31 5.51 26.92 10.03 22.78 10.03 8.24 32.32 12.33 23.76 41.43 10.98 19.99 5.46 23.79 7.71 18.26 5.75 21.03 16.25 8.80 17.12
100.17 19.28 29.16 46.64 14.57 38.79 10.45 20.31 24.27 59.16 25.95 45.67 47.28 24.53 24.59 31.47 58.55 43.78 32.31 0.00 37.81 49.19 32.74 12.85 32.36 29.43 60.44 22.86 9.16 23.59 32.86 41.78 37.74 12.46 31.67 50.19 30.31 43.17 47.34 39.80 21.36
63.26 21.97 15.70 21.23 23.95 11.09 29.27 21.50 18.72 22.10 16.97 8.13 25.44 20.77 16.42 7.53 23.94 5.98 5.51 37.81 0.00 25.64 12.20 28.13 5.84 11.67 28.63 17.34 29.21 45.93 13.09 19.72 10.58 29.13 10.53 13.10 9.65 20.48 11.81 5.63 21.88
70.67 30.07 39.63 4.42 40.24 24.08 45.10 29.00 25.21 24.49 23.85 23.21 9.25 43.15 25.75 30.96 17.87 24.89 26.92 49.19 25.64 0.00 18.72 36.38 25.35 35.13 14.57 27.52 43.65 65.60 18.09 7.73 24.92 36.88 20.94 21.74 23.39 6.37 18.04 20.06 27.84
72.93 13.81 21.89 15.05 21.85 11.64 26.96 12.92 9.05 27.78 7.12 16.51 17.53 24.69 8.15 13.89 25.96 16.00 10.03 32.74 12.20 18.72 0.00 20.70 8.35 17.49 27.80 9.88 25.85 47.00 10.75 11.10 11.54 21.51 14.14 19.56 4.94 12.38 15.77 9.61 12.50
91.39 6.89 24.64 33.95 11.33 28.73 12.60 7.81 11.80 48.10 13.64 35.34 34.45 22.28 12.72 23.35 46.65 33.84 22.78 12.85 28.13 36.38 20.70 0.00 22.31 22.96 48.01 11.23 10.15 33.11 20.67 29.04 27.88 14.60 20.08 39.39 19.29 30.42 36.08 28.87 8.63
69.09 16.14 14.28 21.15 18.98 6.48 24.36 15.69 13.11 26.94 11.48 13.32 24.63 18.15 10.69 5.72 27.53 11.58 10.03 32.36 5.84 25.35 8.35 22.31 0.00 9.79 31.21 11.52 24.02 42.42 9.30 18.34 5.57 23.30 6.05 17.91 4.28 19.41 15.54 7.93 16.15
70.85 18.94 4.49 30.92 14.86 13.30 19.62 19.06 18.42 33.37 17.58 19.48 34.39 9.10 15.75 4.35 35.61 16.98 8.24 29.43 11.67 35.13 17.49 22.96 9.79 0.00 40.12 15.41 20.30 34.37 18.39 28.06 12.09 24.00 15.03 24.55 12.60 29.16 23.47 16.57 20.22
57.57 41.23 44.31 14.69 49.27 26.93 54.54 40.24 36.25 14.82 34.50 22.27 16.84 49.09 35.90 35.79 7.05 24.81 32.32 60.44 28.63 14.57 27.80 48.01 31.21 40.12 0.00 37.66 53.59 73.61 27.60 19.64 28.11 48.69 29.25 18.04 31.19 18.41 17.03 23.58 39.42
80.50 4.64 18.74 24.37 12.88 17.74 17.58 4.19 9.63 36.88 10.02 24.19 25.93 19.17 9.41 14.07 35.73 22.83 12.33 22.86 17.34 27.52 9.88 11.23 11.52 15.41 37.66 0.00 16.20 38.32 10.07 19.81 16.99 12.14 8.92 28.17 8.10 21.20 24.88 17.64 4.94
91.10 14.00 20.06 40.57 5.45 30.32 10.84 15.06 18.53 50.96 19.81 37.23 41.98 15.73 17.99 22.54 51.03 35.19 23.76 9.16 29.21 43.65 25.85 10.15 24.02 20.30 53.59 16.20 0.00 23.22 26.17 35.98 29.21 10.58 24.36 41.93 22.62 37.37 39.40 31.76 16.52
100.50 37.04 31.04 62.05 25.44 47.48 21.14 38.06 41.15 67.71 42.10 53.85 64.15 25.36 40.02 38.41 69.74 51.34 41.43 23.59 45.93 65.60 47.00 33.11 42.42 34.37 73.61 38.32 23.22 0.00 47.55 57.87 46.25 33.31 45.00 58.92 42.75 59.23 57.59 50.23 39.59
73.46 13.79 22.77 14.54 22.30 12.48 27.36 12.86 8.92 28.09 7.03 17.14 16.83 25.47 8.30 14.83 26.00 16.73 10.98 32.86 13.09 18.09 10.75 20.67 9.30 18.39 27.60 10.07 26.17 47.55 0.00 10.42 12.42 21.44 14.05 20.01 5.81 11.74 16.13 10.27 12.33
72.03 22.55 32.54 5.00 32.51 18.37 37.39 21.49 17.62 25.21 16.18 19.48 6.43 35.73 18.04 24.05 20.43 20.49 19.99 41.78 19.72 7.73 11.10 29.04 18.34 28.06 19.64 19.81 35.98 57.87 10.42 0.00 18.97 29.61 13.42 19.73 15.91 11.67 15.46 14.54 20.43
63.54 21.63 16.20 20.51 24.00 11.16 29.34 21.13 18.27 21.94 16.49 8.03 24.70 21.16 16.01 7.86 23.54 6.05 5.46 37.74 10.58 24.92 11.54 27.88 5.57 12.09 28.11 16.99 29.21 46.25 12.42 18.97 0.00 28.87 9.94 12.91 9.19 19.73 11.39 4.95 21.47
92.39 7.71 25.64 34.55 12.15 29.71 13.07 8.59 12.54 48.99 14.41 36.29 34.92 23.19 13.60 24.38 47.44 34.82 23.79 12.46 29.13 36.88 21.51 14.60 23.30 24.00 48.69 12.14 10.58 33.31 21.44 29.61 28.87 0.00 20.96 40.31 20.22 30.99 36.96 29.79 9.28
72.43 13.27 19.43 17.11 20.07 10.26 25.30 12.50 8.96 28.03 7.02 15.88 19.85 22.31 7.37 11.48 26.89 15.00 7.71 31.67 10.53 20.94 14.14 20.08 6.05 15.03 29.25 8.92 24.36 45.00 14.05 13.42 9.94 20.96 0.00 19.45 10.33 14.66 16.00 9.05 12.40
53.54 32.68 28.20 17.93 36.82 11.73 42.18 31.95 28.37 9.05 26.41 5.08 22.74 33.61 26.76 20.59 11.89 7.65 18.26 50.19 13.10 21.74 19.56 39.39 17.91 24.55 18.04 28.17 41.93 58.92 20.01 19.73 12.91 40.31 19.45 0.00 20.13 19.59 4.32 10.53 31.83
72.49 12.70 16.96 19.49 18.08 9.79 23.39 12.09 9.08 28.95 7.33 16.09 22.34 19.82 6.90 9.23 28.41 14.82 5.75 30.31 9.65 23.39 4.94 19.29 4.28 12.60 31.19 8.10 22.62 42.75 5.81 15.91 9.19 20.22 10.33 20.13 0.00 17.14 17.04 9.61 12.31
71.44 23.95 33.65 10.06 33.88 19.07 38.77 22.89 19.02 24.62 17.57 19.70 5.23 36.95 19.42 25.10 19.51 20.87 21.03 43.17 20.48 6.37 12.38 30.42 19.41 29.16 18.41 21.20 37.37 59.23 11.74 11.67 19.73 30.99 14.66 19.59 17.14 0.00 15.38 15.15 21.82
57.69 29.26 27.49 14.01 34.49 10.17 39.87 28.47 24.75 12.04 22.79 5.59 18.83 32.55 23.36 19.24 12.16 7.92 16.25 47.34 11.81 18.04 15.77 36.08 15.54 23.47 17.03 24.88 39.40 57.59 16.13 15.46 11.39 36.96 16.00 4.32 17.04 15.38 0.00 7.65 28.22
63.42 22.17 20.87 15.64 26.84 11.72 32.23 21.48 18.01 19.37 16.07 6.91 19.96 25.51 16.27 12.23 19.61 6.60 8.80 39.80 5.63 20.06 9.61 28.87 7.93 16.57 23.58 17.64 31.76 50.23 10.27 14.54 4.95 29.79 9.05 10.53 9.61 15.15 7.65 0.00 21.44
84.74 9.58 23.30 25.33 14.74 22.10 18.45 9.13 14.57 40.25 5.43 28.22 25.98 23.04 5.46 19.01 38.29 27.11 17.12 21.36 21.88 27.84 12.50 8.63 16.15 20.22 39.42 4.94 16.52 39.59 12.33 20.43 21.47 9.28 12.40 31.83 12.31 21.82 28.22 21.44 0.00
0	0	2200	0	0	0
1	57	137	1	0	5
2	104	184	1	0	39
3	225	305	1	0	17
4	319	399	1	0	40
5	360	440	-1	1	0
6	426	506	1	0	16
7	478	558	1	0	35
8	515	595	1	0	29
9	585	665	1	0	12
10	636	716	1	0	23
11	668	748	1	0	19
12	712	792	-1	9	0
13	811	891	1	0	34
14	857	937	1	0	36
15	889	969	1	0	22
16	950	1030	-1	6	0
17	973	1053	-1	3	0
18	991	1071	1	0	32
19	1041	1121	-1	11	0
20	1078	1158	1	0	28
21	1115	1195	1	0	38
22	1138	1218	-1	15	0
23	1168	1248	-1	10	0
24	1196	1276	1	0	30
25	1210	1290	1	0	37
26	1267	1347	1	0	33
27	1305	1385	1	0	31
28	1328	1408	-1	20	0
29	1357	1437	-1	8	0
30	1405	1485	-1	24	0
31	1419	1499	-1	27	0
32	1443	1523	-1	18	0
33	1484	1564	-1	26	0
34	1511	1591	-1	13	0
35	1538	1618	-1	7	0
36	1564	1644	-1	14	0
37	1588	1668	-1	25	0
38	1607	1687	-1	21	0
39	1617	1697	-1	2	0
40	1647	1727	-1	4	0
C:
0 3 3 3 3 3 3 3 3 3 3 3 3 3 3 3 3 3 3 3 3 3 3 3 3 3 3 3 3 3 3 3 3 3 3 3 3 3 3 3 3 3
1 0 1 1 1 1 1 1 1 1 1 1 1 1 1 1 1 1 1 1 1 1 1 1 1 1 1 1 1 1 1 1 1 1 1 1 1 1 1 1 1 1
2 2 0 2 2 2 2 2 2 2 2 2 2 2 2 2 2 2 2 2 2 2 2 2 2 2 2 2 2 2 2 2 2 2 2 2 2 2 2 2 2 2
2 2 2 0 2 2 2 2 2 2 2 2 2 2 2 2 2 2 2 2 2 2 2 2 2 2 2 2 2 2 2 2 2 2 2 2 2 2 2 2 2 2
2 2 2 2 0 2 2 2 2 2 2 2 2 2 2 2 2 2 2 2 2 2 2 2 2 2 2 2 2 2 2 2 2 2 2 2 2 2 2 2 2 2
1 1 1 1 1 0 1 1 1 1 1 1 1 1 1 1 1 1 1 1 1 1 1 1 1 1 1 1 1 1 1 1 1 1 1 1 1 1 1 1 1 1
2 2 2 2 2 2 0 2 2 2 2 2 2 2 2 2 2 2 2 2 2 2 2 2 2 2 2 2 2 2 2 2 2 2 2 2 2 2 2 2 2 2
1 1 1 1 1 1 1 0 1 1 1 1 1 1 1 1 1 1 1 1 1 1 1 1 1 1 1 1 1 1 1 1 1 1 1 1 1 1 1 1 1 1
1 1 1 1 1 1 1 1 0 1 1 1 1 1 1 1 1 1 1 1 1 1 1 1 1 1 1 1 1 1 1 1 1 1 1 1 1 1 1 1 1 1
3 3 3 3 3 3 3 3 3 0 3 3 3 3 3 3 3 3 3 3 3 3 3 3 3 3 3 3 3 3 3 3 3 3 3 3 3 3 3 3 3 3
1 1 1 1 1 1 1 1 1 1 0 1 1 1 1 1 1 1 1 1 1 1 1 1 1 1 1 1 1 1 1 1 1 1 1 1 1 1 1 1 1 1
1 1 1 1 1 1 1 1 1 1 1 0 1 1 1 1 1 1 1 1 1 1 1 1 1 1 1 1 1 1 1 1 1 1 1 1 1 1 1 1 1 1
2 2 2 2 2 2 2 2 2 2 2 2 0 2 2 2 2 2 2 2 2 2 2 2 2 2 2 2 2 2 2 2 2 2 2 2 2 2 2 2 2 2
2 2 2 2 2 2 2 2 2 2 2 2 2 0 2 2 2 2 2 2 2 2 2 2 2 2 2 2 2 2 2 2 2 2 2 2 2 2 2 2 2 2
1 1 1 1 1 1 1 1 1 1 1 1 1 1 0 1 1 1 1 1 1 1 1 1 1 1 1 1 1 1 1 1 1 1 1 1 1 1 1 1 1 1
1 1 1 1 1 1 1 1 1 1 1 1 1 1 1 0 1 1 1 1 1 1 1 1 1 1 1 1 1 1 1 1 1 1 1 1 1 1 1 1 1 1
3 3 3 3 3 3 3 3 3 3 3 3 3 3 3 3 0 3 3 3 3 3 3 3 3 3 3 3 3 3 3 3 3 3 3 3 3 3 3 3 3 3
1 1 1 1 1 1 1 1 1 1 1 1 1 1 1 1 1 0 1 1 1 1 1 1 1 1 1 1 1 1 1 1 1 1 1 1 1 1 1 1 1 1
1 1 1 1 1 1 1 1 1 1 1 1 1 1 1 1 1 1 0 1 1 1 1 1 1 1 1 1 1 1 1 1 1 1 1 1 1 1 1 1 1 1
3 3 3 3 3 3 3 3 3 3 3 3 3 3 3 3 3 3 3 0 3 3 3 3 3 3 3 3 3 3 3 3 3 3 3 3 3 3 3 3 3 3
1 1 1 1 1 1 1 1 1 1 1 1 1 1 1 1 1 1 1 1 0 1 1 1 1 1 1 1 1 1 1 1 1 1 1 1 1 1 1 1 1 1
2 2 2 2 2 2 2 2 2 2 2 2 2 2 2 2 2 2 2 2 2 0 2 2 2 2 2 2 2 2 2 2 2 2 2 2 2 2 2 2 2 2
1 1 1 1 1 1 1 1 1 1 1 1 1 1 1 1 1 1 1 1 1 1 0 1 1 1 1 1 1 1 1 1 1 1 1 1 1 1 1 1 1 1
2 2 2 2 2 2 2 2 2 2 2 2 2 2 2 2 2 2 2 2 2 2 2 0 2 2 2 2 2 2 2 2 2 2 2 2 2 2 2 2 2 2
1 1 1 1 1 1 1 1 1 1 1 1 1 1 1 1 1 1 1 1 1 1 1 1 0 1 1 1 1 1 1 1 1 1 1 1 1 1 1 1 1 1
1 1 1 1 1 1 1 1 1 1 1 1 1 1 1 1 1 1 1 1 1 1 1 1 1 0 1 1 1 1 1 1 1 1 1 1 1 1 1 1 1 1
3 3 3 3 3 3 3 3 3 3 3 3 3 3 3 3 3 3 3 3 3 3 3 3 3 3 0 3 3 3 3 3 3 3 3 3 3 3 3 3 3 3
1 1 1 1 1 1 1 1 1 1 1 1 1 1 1 1 1 1 1 1 1 1 1 1 1 1 1 0 1 1 1 1 1 1 1 1 1 1 1 1 1 1
2 2 2 2 2 2 2 2 2 2 2 2 2 2 2 2 2 2 2 2 2 2 2 2 2 2 2 2 0 2 2 2 2 2 2 2 2 2 2 2 2 2
3 3 3 3 3 3 3 3 3 3 3 3 3 3 3 3 3 3 3 3 3 3 3 3 3 3 3 3 3 0 3 3 3 3 3 3 3 3 3 3 3 3
1 1 1 1 1 1 1 1 1 1 1 1 1 1 1 1 1 1 1 1 1 1 1 1 1 1 1 1 1 1 0 1 1 1 1 1 1 1 1 1 1 1
2 2 2 2 2 2 2 2 2 2 2 2 2 2 2 2 2 2 2 2 2 2 2 2 2 2 2 2 2 2 2 0 2 2 2 2 2 2 2 2 2 2
1 1 1 1 1 1 1 1 1 1 1 1 1 1 1 1 1 1 1 1 1 1 1 1 1 1 1 1 1 1 1 1 0 1 1 1 1 1 1 1 1 1
2 2 2 2 2 2 2 2 2 2 2 2 2 2 2 2 2 2 2 2 2 2 2 2 2 2 2 2 2 2 2 2 2 0 2 2 2 2 2 2 2 2
1 1 1 1 1 1 1 1 1 1 1 1 1 1 1 1 1 1 1 1 1 1 1 1 1 1 1 1 1 1 1 1 1 1 0 1 1 1 1 1 1 1
2 2 2 2 2 2 2 2 2 2 2 2 2 2 2 2 2 2 2 2 2 2 2 2 2 2 2 2 2 2 2 2 2 2 2 0 2 2 2 2 2 2
1 1 1 1 1 1 1 1 1 1 1 1 1 1 1 1 1 1 1 1 1 1 1 1 1 1 1 1 1 1 1 1 1 1 1 1 0 1 1 1 1 1
2 2 2 2 2 2 2 2 2 2 2 2 2 2 2 2 2 2 2 2 2 2 2 2 2 2 2 2 2 2 2 2 2 2 2 2 2 0 2 2 2 2
2 2 2 2 2 2 2 2 2 2 2 2 2 2 2 2 2 2 2 2 2 2 2 2 2 2 2 2 2 2 2 2 2 2 2 2 2 2 0 2 2 2
1 1 1 1 1 1 1 1 1 1 1 1 1 1 1 1 1 1 1 1 1 1 1 1 1 1 1 1 1 1 1 1 1 1 1 1 1 1 1 0 1 1
1 1 1 1 1 1 1 1 1 1 1 1 1 1 1 1 1 1 1 1 1 1 1 1 1 1 1 1 1 1 1 1 1 1 1 1 1 1 1 1 0 1
3 3 3 3 3 3 3 3 3 3 3 3 3 3 3 3 3 3 3 3 3 3 3 3 3 3 3 3 3 3 3 3 3 3 3 3 3 3 3 3 3 0
Time:
0	15
15	30
30	45
45	60
60	75
75	90
90	105
105	120
120	135
135	150
150	165
165	180
180	195
195	210
210	225
225	240
240	255
255	270
270	285
285	300
300	315
315	330
330	345
345	360
360	375
375	390
390	405
405	420
420	435
435	450
450	465
465	480
480	495
495	510
510	525
525	540
540	555
555	570
570	585
585	600
600	615
615	630
630	645
645	660
660	675
675	690
690	705
705	720
720	735
735	750
750	765
765	780
780	795
795	810
810	825
825	840
840	855
855	870
870	885
885	900
900	915
915	930
930	945
945	960
960	975
975	990
990	1005
1005	1020
1020	1035
1035	1050
1050	1065
1065	1080
1080	2200
Speed:
0.925	0.85	0.925	1	0.8325	0.765	0.8325	0.9	0.4625	0.425	0.4625	0.5	0.30525	0.2805	0.30525	0.33	0.37	0.34	0.37	0.4	0.555	0.51	0.555	0.6	0.6475	0.595	0.6475	0.7	0.37	0.34	0.37	0.4	0.30525	0.2805	0.30525	0.33	0.4625	0.425	0.4625	0.5	0.6475	0.595	0.6475	0.7	0.74	0.68	0.74	0.8	0.6475	0.595	0.6475	0.7	0.4625	0.425	0.4625	0.5	0.555	0.51	0.555	0.6	0.6475	0.595	0.6475	0.7	0.8325	0.765	0.8325	0.9	0.925	0.85	0.925	1	1
0.925	0.85	0.925	1	0.8325	0.765	0.8325	0.9	0.4625	0.425	0.4625	0.5	0.30525	0.2805	0.30525	0.33	0.37	0.34	0.37	0.4	0.555	0.51	0.555	0.6	0.6475	0.595	0.6475	0.7	0.37	0.34	0.37	0.4	0.30525	0.2805	0.30525	0.33	0.4625	0.425	0.4625	0.5	0.6475	0.595	0.6475	0.7	0.74	0.68	0.74	0.8	0.6475	0.595	0.6475	0.7	0.4625	0.425	0.4625	0.5	0.555	0.51	0.555	0.6	0.6475	0.595	0.6475	0.7	0.8325	0.765	0.8325	0.9	0.925	0.85	0.925	1	1
0.925	0.85	0.925	1	0.8325	0.765	0.8325	0.9	0.4625	0.425	0.4625	0.5	0.30525	0.2805	0.30525	0.33	0.37	0.34	0.37	0.4	0.555	0.51	0.555	0.6	0.6475	0.595	0.6475	0.7	0.37	0.34	0.37	0.4	0.30525	0.2805	0.30525	0.33	0.4625	0.425	0.4625	0.5	0.6475	0.595	0.6475	0.7	0.74	0.68	0.74	0.8	0.6475	0.595	0.6475	0.7	0.4625	0.425	0.4625	0.5	0.555	0.51	0.555	0.6	0.6475	0.595	0.6475	0.7	0.8325	0.765	0.8325	0.9	0.925	0.85	0.925	1	1
