41
0.00 55.37 108.18 84.32 67.93 69.04 71.71 67.28 79.44 74.54 56.31 88.00 63.61 73.35 74.58 74.70 80.07 57.72 62.05 74.28 77.17 75.72 74.19 44.19 59.62 85.60 58.54 74.44 57.86 74.29 77.59 69.61 68.24 67.83 84.66 54.09 91.57 67.97 86.91 93.78 55.65
55.37 0.00 53.00 29.64 13.50 16.57 22.73 15.67 26.02 21.03 9.85 32.63 8.53 31.31 20.70 22.02 24.70 14.46 14.63 24.55 21.87 25.98 20.43 33.98 5.13 30.29 11.79 20.32 12.86 22.70 30.86 23.99 15.21 13.95 29.42 13.65 36.23 13.50 33.59 42.34 11.20
108.18 53.00 0.00 24.08 40.29 43.14 40.22 45.18 29.94 37.84 52.12 20.83 44.60 53.73 37.23 34.81 28.56 50.47 51.52 43.39 32.00 36.79 37.71 80.39 48.56 22.74 53.70 36.95 55.01 40.83 39.27 50.11 40.43 40.52 25.36 54.89 18.48 40.25 23.72 23.87 52.97
84.32 29.64 24.08 0.00 16.42 24.10 17.62 25.93 6.71 20.51 28.86 8.39 21.11 40.29 19.50 11.17 8.44 26.79 31.83 28.45 12.10 15.21 19.92 60.25 24.89 5.45 32.94 18.83 34.43 24.92 20.13 34.17 16.35 16.51 11.30 32.04 12.50 16.39 6.83 16.69 29.87
67.93 13.50 40.29 16.42 0.00 15.93 12.48 16.73 12.56 16.68 12.84 20.89 5.18 34.39 15.77 9.01 13.38 10.41 20.49 23.89 12.14 14.41 15.82 46.26 8.53 18.07 19.98 15.01 21.51 20.62 20.35 26.91 12.95 11.18 19.10 16.39 25.01 10.33 20.10 29.08 14.03
69.04 16.57 43.14 24.10 15.93 0.00 28.30 13.06 24.53 5.63 15.57 22.57 13.65 18.48 5.98 23.30 16.00 16.97 8.39 8.48 12.15 29.63 5.52 37.30 15.99 21.68 10.93 6.19 12.07 6.14 35.83 11.13 19.44 17.38 17.78 15.89 24.74 15.83 30.39 40.40 15.39
71.71 22.73 40.22 17.62 12.48 28.30 0.00 29.20 10.91 28.20 22.52 25.40 16.54 46.79 27.19 7.03 20.46 19.11 32.78 35.95 21.43 13.56 27.35 56.71 17.86 22.15 31.84 26.38 33.32 32.50 8.21 39.36 9.03 11.09 26.12 26.33 29.76 12.57 16.60 22.07 23.89
67.28 15.67 45.18 25.93 16.73 13.06 29.20 0.00 26.05 7.61 14.71 24.59 13.85 17.74 8.01 24.54 17.93 16.49 6.35 8.90 14.07 30.74 7.54 35.26 15.72 23.66 8.98 8.23 10.06 7.30 36.89 10.20 20.22 18.15 19.82 14.59 26.79 16.63 32.11 42.10 14.36
79.44 26.02 29.94 6.71 12.56 24.53 10.91 26.05 0.00 22.34 25.40 14.75 17.72 42.22 21.26 4.89 11.57 22.77 31.25 30.53 14.06 8.66 21.58 58.51 20.96 11.56 31.59 20.48 33.13 26.91 14.14 35.41 11.27 12.11 16.42 28.94 19.04 12.58 7.61 16.67 26.59
74.54 21.03 37.84 20.51 16.68 5.63 28.20 7.61 22.34 0.00 19.99 17.60 16.12 19.95 10.22 22.24 12.08 20.68 13.84 8.19 8.51 28.77 9.92 42.56 19.34 17.22 16.56 11.01 17.67 4.57 35.03 13.69 20.00 18.11 12.58 20.94 19.37 16.57 27.17 37.16 20.07
56.31 9.85 52.12 28.86 12.84 15.57 22.52 14.71 25.40 19.99 0.00 31.70 7.78 30.55 19.67 21.50 23.77 13.71 13.91 23.60 20.90 25.66 19.39 34.21 4.71 29.40 11.23 19.29 12.38 21.70 30.68 23.18 14.74 13.38 28.44 13.23 35.27 12.84 32.94 41.80 10.78
88.00 32.63 20.83 8.39 20.89 22.57 25.40 24.59 14.75 17.60 31.70 0.00 24.51 35.87 16.85 18.51 7.93 30.44 30.92 24.41 11.17 23.41 17.32 59.85 28.56 11.34 32.92 16.44 34.27 21.28 28.52 30.84 22.06 21.51 5.20 34.25 4.39 20.83 14.15 22.71 32.44
63.61 8.53 44.60 21.11 5.18 13.65 16.54 13.85 17.72 16.12 7.78 24.51 0.00 31.52 15.44 14.12 16.63 5.93 16.37 22.09 14.32 19.07 15.33 41.14 12.49 21.99 15.31 14.82 16.80 19.26 24.69 23.92 7.77 6.00 21.82 11.22 28.34 5.15 25.21 34.25 8.90
73.35 31.31 53.73 40.29 34.39 18.48 46.79 17.74 42.22 19.95 30.55 35.87 31.52 0.00 21.02 41.60 31.87 33.19 16.69 11.84 28.45 48.02 20.67 32.58 32.84 36.37 19.99 21.78 19.48 15.42 54.25 7.61 37.89 35.83 30.71 28.78 36.06 34.29 47.04 56.98 29.71
74.58 20.70 37.23 19.50 15.77 5.98 27.19 8.01 21.26 10.22 19.67 16.85 15.44 21.02 0.00 21.18 11.09 20.19 14.33 9.27 7.47 27.71 10.99 43.16 18.78 16.33 16.87 12.08 18.04 5.65 33.97 14.67 19.05 17.19 11.91 20.81 18.80 15.66 26.14 36.14 19.81
74.70 22.02 34.81 11.17 9.01 23.30 7.03 24.54 4.89 22.24 21.50 18.51 14.12 41.60 21.18 0.00 13.48 18.60 29.08 30.28 14.80 6.53 21.41 55.25 16.89 15.26 28.89 20.37 30.42 26.72 12.79 34.42 6.85 8.16 19.09 25.19 22.89 9.06 12.22 20.32 22.77
80.07 24.70 28.56 8.44 13.38 16.00 20.46 17.93 11.57 12.08 23.77 7.93 16.63 31.87 11.09 13.48 0.00 22.56 24.07 20.03 13.47 19.58 11.51 52.87 20.69 5.94 25.65 10.44 27.07 16.49 25.53 25.76 15.13 14.21 5.91 26.37 11.73 13.31 15.17 25.12 24.52
57.72 14.46 50.47 26.79 10.41 16.97 19.11 16.49 22.77 20.68 13.71 30.44 5.93 33.19 20.19 18.60 22.56 0.00 16.77 25.33 20.12 22.37 19.98 37.60 10.96 27.91 14.44 19.68 15.69 23.04 27.24 25.69 11.75 10.66 27.67 7.27 34.25 10.43 30.37 38.91 4.89
62.05 14.63 51.52 31.83 20.49 8.39 32.78 6.35 31.25 13.84 13.91 30.92 16.37 16.69 14.33 29.08 24.07 16.77 0.00 12.32 20.23 34.89 13.86 28.93 16.71 29.89 15.32 14.58 4.20 12.37 40.81 9.58 23.78 21.77 26.17 12.16 33.12 20.41 37.76 47.66 13.02
74.28 24.55 43.39 28.45 23.89 8.48 35.95 8.90 30.53 8.19 23.60 24.41 22.09 11.84 9.27 30.28 20.03 25.33 12.32 0.00 16.64 36.78 8.96 38.28 24.44 24.65 16.02 10.05 16.48 12.77 43.04 6.73 27.36 25.36 19.21 23.22 25.15 23.79 35.20 45.14 23.20
77.17 21.87 32.00 12.10 12.14 12.15 21.43 14.07 14.06 8.51 20.90 11.17 14.32 28.45 7.47 14.80 13.47 20.12 20.23 16.64 0.00 21.25 7.86 49.07 18.33 9.68 21.91 6.76 23.30 13.04 27.42 22.09 14.65 13.27 7.56 23.20 14.40 12.05 18.68 28.69 21.52
75.72 25.98 36.79 15.21 14.41 29.63 13.56 30.74 8.66 28.77 25.66 23.41 19.07 48.02 27.71 6.53 19.58 22.37 34.89 36.78 21.25 0.00 27.93 59.86 20.95 20.22 34.31 26.90 35.83 33.23 6.27 40.76 11.30 13.20 24.87 29.47 27.66 14.49 13.07 18.06 27.02
74.19 20.43 37.71 19.92 15.82 5.52 27.35 7.54 21.58 9.92 19.39 17.32 15.33 20.67 10.99 21.41 11.51 19.98 13.86 8.96 7.86 27.93 0.00 42.68 18.61 16.79 16.42 11.71 17.58 5.35 34.20 14.25 19.14 17.25 12.38 20.47 19.27 15.71 26.53 36.54 19.51
44.19 33.98 80.39 60.25 46.26 37.30 56.71 35.26 58.51 42.56 34.21 59.85 41.14 32.58 43.16 55.25 52.87 37.60 28.93 38.28 49.07 59.86 42.68 0.00 38.91 58.75 27.31 43.47 25.84 40.02 64.84 31.88 48.75 47.13 55.05 30.40 61.93 46.22 65.64 75.17 32.85
59.62 5.13 48.56 24.89 8.53 15.99 17.86 15.72 20.96 19.34 4.71 28.56 12.49 32.84 18.78 16.89 20.69 10.96 16.71 24.44 18.33 20.95 18.61 38.91 0.00 26.01 14.76 18.24 16.11 21.96 26.04 25.27 10.08 8.85 25.86 8.52 32.40 8.55 28.55 37.21 6.06
85.60 30.29 22.74 5.45 18.07 21.68 22.15 23.66 11.56 17.22 29.40 11.34 21.99 36.37 16.33 15.26 5.94 27.91 29.89 24.65 9.68 20.22 16.79 58.75 26.01 0.00 31.57 15.80 32.98 21.30 25.45 30.81 19.01 18.58 6.14 32.16 7.63 18.02 11.82 21.08 30.23
58.54 11.79 53.70 32.94 19.98 10.93 31.84 8.98 31.59 16.56 11.23 32.92 15.31 19.99 16.87 28.89 25.65 14.44 15.32 16.02 21.91 34.31 16.42 27.31 14.76 31.57 0.00 16.98 18.53 15.75 40.00 13.19 23.03 21.12 28.42 8.85 35.47 19.92 38.48 48.20 10.13
74.44 20.32 36.95 18.83 15.01 6.19 26.38 8.23 20.48 11.01 19.29 16.44 14.82 21.78 12.08 20.37 10.44 19.68 14.58 10.05 6.76 26.90 11.71 43.47 18.24 15.80 16.98 0.00 18.19 6.44 33.16 15.34 18.27 16.42 11.59 20.56 18.56 14.90 25.44 35.45 19.49
57.86 12.86 55.01 34.43 21.51 12.07 33.32 10.06 33.13 17.67 12.38 34.27 16.80 19.48 18.04 30.42 27.07 15.69 4.20 16.48 23.30 35.83 17.58 25.84 16.11 32.98 18.53 18.19 0.00 16.53 41.49 13.04 24.53 22.64 29.70 9.68 36.73 21.45 40.01 49.74 11.21
74.29 22.70 40.83 24.92 20.62 6.14 32.50 7.30 26.91 4.57 21.70 21.28 19.26 15.42 5.65 26.72 16.49 23.04 12.37 12.77 13.04 33.23 5.35 40.02 21.96 21.30 15.75 6.44 16.53 0.00 39.49 9.56 24.04 22.07 16.10 21.87 22.41 20.51 31.64 41.61 21.49
77.59 30.86 39.27 20.13 20.35 35.83 8.21 36.89 14.14 35.03 30.68 28.52 24.69 54.25 33.97 12.79 25.53 27.24 40.81 43.04 27.42 6.27 34.20 64.84 26.04 25.45 40.00 33.16 41.49 39.49 0.00 46.95 17.04 19.04 30.56 34.49 32.59 20.44 16.18 17.58 32.06
69.61 23.99 50.11 34.17 26.91 11.13 39.36 10.20 35.41 13.69 23.18 30.84 23.92 7.61 14.67 34.42 25.76 25.69 9.58 6.73 22.09 40.76 14.25 31.88 25.27 30.81 13.19 15.34 13.04 9.56 46.95 0.00 30.41 28.34 25.66 21.73 31.81 26.81 40.77 50.78 22.42
68.24 15.21 40.43 16.35 12.95 19.44 9.03 20.22 11.27 20.00 14.74 22.06 7.77 37.89 19.05 6.85 15.13 11.75 23.78 27.36 14.65 11.30 19.14 48.75 10.08 19.01 23.03 18.27 24.53 24.04 17.04 30.41 0.00 13.77 21.02 18.49 26.35 12.92 18.86 27.16 16.04
67.83 13.95 40.52 16.51 11.18 17.38 11.09 18.15 12.11 18.11 13.38 21.51 6.00 35.83 17.19 8.16 14.21 10.66 21.77 25.36 13.27 13.20 17.25 47.13 8.85 18.58 21.12 16.42 22.64 22.07 19.04 28.34 13.77 0.00 20.01 17.03 25.71 11.15 19.71 28.42 14.62
84.66 29.42 25.36 11.30 19.10 17.78 26.12 19.82 16.42 12.58 28.44 5.20 21.82 30.71 11.91 19.09 5.91 27.67 26.17 19.21 7.56 24.87 12.38 55.05 25.86 6.14 28.42 11.59 29.70 16.10 30.56 25.66 21.02 20.01 0.00 30.62 7.08 19.02 17.92 27.20 29.02
54.09 13.65 54.89 32.04 16.39 15.89 26.33 14.59 28.94 20.94 13.23 34.25 11.22 28.78 20.81 25.19 26.37 7.27 12.16 23.22 23.20 29.47 20.47 30.40 8.52 32.16 8.85 20.56 9.68 21.87 34.49 21.73 18.49 17.03 30.62 0.00 37.59 16.37 36.42 45.44 12.16
91.57 36.23 18.48 12.50 25.01 24.74 29.76 26.79 19.04 19.37 35.27 4.39 28.34 36.06 18.80 22.89 11.73 34.25 33.12 25.15 14.40 27.66 19.27 61.93 32.40 7.63 35.47 18.56 36.73 22.41 32.59 31.81 26.35 25.71 7.08 37.59 0.00 24.94 17.54 25.11 35.92
67.97 13.50 40.25 16.39 10.33 15.83 12.57 16.63 12.58 16.57 12.84 20.83 5.15 34.29 15.66 9.06 13.31 10.43 20.41 23.79 12.05 14.49 15.71 46.22 8.55 18.02 19.92 14.90 21.45 20.51 20.44 26.81 12.92 11.15 19.02 16.37 24.94 0.00 20.10 29.10 14.01
86.91 33.59 23.72 6.83 20.10 30.39 16.60 32.11 7.61 27.17 32.94 14.15 25.21 47.04 26.14 12.22 15.17 30.37 37.76 35.20 18.68 13.07 26.53 65.64 28.55 11.82 38.48 25.44 40.01 31.64 16.18 40.77 18.86 19.71 17.92 36.42 17.54 20.10 0.00 10.03 34.10
93.78 42.34 23.87 16.69 29.08 40.40 22.07 42.10 16.67 37.16 41.80 22.71 34.25 56.98 36.14 20.32 25.12 38.91 47.66 45.14 28.69 18.06 36.54 75.17 37.21 21.08 48.20 35.45 49.74 41.61 17.58 50.78 27.16 28.42 27.20 45.44 25.11 29.10 10.03 0.00 43.04
55.65 11.20 52.97 29.87 14.03 15.39 23.89 14.36 26.59 20.07 10.78 32.44 8.90 29.71 19.81 22.77 24.52 4.89 13.02 23.20 21.52 27.02 19.51 32.85 6.06 30.23 10.13 19.49 11.21 21.49 32.06 22.42 16.04 14.62 29.02 12.16 35.92 14.01 34.10 43.04 0.00
0	0	2200	0	0	0
1	20	100	1	0	20
2	88	168	1	0	35
3	140	220	1	0	5
4	195	275	1	0	19
5	240	320	-1	3	0
6	300	380	1	0	13
7	348	428	1	0	38
8	392	472	1	0	26
9	455	535	1	0	17
10	514	594	1	0	39
11	576	656	1	0	23
12	614	694	1	0	37
13	658	738	-1	6	0
14	686	766	1	0	29
15	721	801	1	0	24
16	741	821	1	0	22
17	792	872	-1	9	0
18	824	904	1	0	21
19	847	927	-1	4	0
20	874	954	-1	1	0
21	908	988	-1	18	0
22	945	1025	-1	16	0
23	995	1075	-1	11	0
24	1037	1117	-1	15	0
25	1064	1144	1	0	31
26	1096	1176	-1	8	0
27	1113	1193	1	0	36
28	1131	1211	1	0	34
29	1148	1228	-1	14	0
30	1188	1268	1	0	32
31	1235	1315	-1	25	0
32	1266	1346	-1	30	0
33	1280	1360	1	0	40
34	1300	1380	-1	28	0
35	1332	1412	-1	2	0
36	1370	1450	-1	27	0
37	1395	1475	-1	12	0
38	1415	1495	-1	7	0
39	1426	1506	-1	10	0
40	1469	1549	-1	33	0
C:
0 3 3 3 3 3 3 3 3 3 3 3 3 3 3 3 3 3 3 3 3 3 3 3 3 3 3 3 3 3 3 3 3 3 3 3 3 3 3 3 3 3
2 0 2 2 2 2 2 2 2 2 2 2 2 2 2 2 2 2 2 2 2 2 2 2 2 2 2 2 2 2 2 2 2 2 2 2 2 2 2 2 2 2
3 3 0 3 3 3 3 3 3 3 3 3 3 3 3 3 3 3 3 3 3 3 3 3 3 3 3 3 3 3 3 3 3 3 3 3 3 3 3 3 3 3
2 2 2 0 2 2 2 2 2 2 2 2 2 2 2 2 2 2 2 2 2 2 2 2 2 2 2 2 2 2 2 2 2 2 2 2 2 2 2 2 2 2
1 1 1 1 0 1 1 1 1 1 1 1 1 1 1 1 1 1 1 1 1 1 1 1 1 1 1 1 1 1 1 1 1 1 1 1 1 1 1 1 1 1
1 1 1 1 1 0 1 1 1 1 1 1 1 1 1 1 1 1 1 1 1 1 1 1 1 1 1 1 1 1 1 1 1 1 1 1 1 1 1 1 1 1
2 2 2 2 2 2 0 2 2 2 2 2 2 2 2 2 2 2 2 2 2 2 2 2 2 2 2 2 2 2 2 2 2 2 2 2 2 2 2 2 2 2
1 1 1 1 1 1 1 0 1 1 1 1 1 1 1 1 1 1 1 1 1 1 1 1 1 1 1 1 1 1 1 1 1 1 1 1 1 1 1 1 1 1
1 1 1 1 1 1 1 1 0 1 1 1 1 1 1 1 1 1 1 1 1 1 1 1 1 1 1 1 1 1 1 1 1 1 1 1 1 1 1 1 1 1
1 1 1 1 1 1 1 1 1 0 1 1 1 1 1 1 1 1 1 1 1 1 1 1 1 1 1 1 1 1 1 1 1 1 1 1 1 1 1 1 1 1
1 1 1 1 1 1 1 1 1 1 0 1 1 1 1 1 1 1 1 1 1 1 1 1 1 1 1 1 1 1 1 1 1 1 1 1 1 1 1 1 1 1
2 2 2 2 2 2 2 2 2 2 2 0 2 2 2 2 2 2 2 2 2 2 2 2 2 2 2 2 2 2 2 2 2 2 2 2 2 2 2 2 2 2
1 1 1 1 1 1 1 1 1 1 1 1 0 1 1 1 1 1 1 1 1 1 1 1 1 1 1 1 1 1 1 1 1 1 1 1 1 1 1 1 1 1
3 3 3 3 3 3 3 3 3 3 3 3 3 0 3 3 3 3 3 3 3 3 3 3 3 3 3 3 3 3 3 3 3 3 3 3 3 3 3 3 3 3
1 1 1 1 1 1 1 1 1 1 1 1 1 1 0 1 1 1 1 1 1 1 1 1 1 1 1 1 1 1 1 1 1 1 1 1 1 1 1 1 1 1
1 1 1 1 1 1 1 1 1 1 1 1 1 1 1 0 1 1 1 1 1 1 1 1 1 1 1 1 1 1 1 1 1 1 1 1 1 1 1 1 1 1
1 1 1 1 1 1 1 1 1 1 1 1 1 1 1 1 0 1 1 1 1 1 1 1 1 1 1 1 1 1 1 1 1 1 1 1 1 1 1 1 1 1
1 1 1 1 1 1 1 1 1 1 1 1 1 1 1 1 1 0 1 1 1 1 1 1 1 1 1 1 1 1 1 1 1 1 1 1 1 1 1 1 1 1
2 2 2 2 2 2 2 2 2 2 2 2 2 2 2 2 2 2 0 2 2 2 2 2 2 2 2 2 2 2 2 2 2 2 2 2 2 2 2 2 2 2
2 2 2 2 2 2 2 2 2 2 2 2 2 2 2 2 2 2 2 0 2 2 2 2 2 2 2 2 2 2 2 2 2 2 2 2 2 2 2 2 2 2
1 1 1 1 1 1 1 1 1 1 1 1 1 1 1 1 1 1 1 1 0 1 1 1 1 1 1 1 1 1 1 1 1 1 1 1 1 1 1 1 1 1
2 2 2 2 2 2 2 2 2 2 2 2 2 2 2 2 2 2 2 2 2 0 2 2 2 2 2 2 2 2 2 2 2 2 2 2 2 2 2 2 2 2
1 1 1 1 1 1 1 1 1 1 1 1 1 1 1 1 1 1 1 1 1 1 0 1 1 1 1 1 1 1 1 1 1 1 1 1 1 1 1 1 1 1
3 3 3 3 3 3 3 3 3 3 3 3 3 3 3 3 3 3 3 3 3 3 3 0 3 3 3 3 3 3 3 3 3 3 3 3 3 3 3 3 3 3
1 1 1 1 1 1 1 1 1 1 1 1 1 1 1 1 1 1 1 1 1 1 1 1 0 1 1 1 1 1 1 1 1 1 1 1 1 1 1 1 1 1
2 2 2 2 2 2 2 2 2 2 2 2 2 2 2 2 2 2 2 2 2 2 2 2 2 0 2 2 2 2 2 2 2 2 2 2 2 2 2 2 2 2
2 2 2 2 2 2 2 2 2 2 2 2 2 2 2 2 2 2 2 2 2 2 2 2 2 2 0 2 2 2 2 2 2 2 2 2 2 2 2 2 2 2
1 1 1 1 1 1 1 1 1 1 1 1 1 1 1 1 1 1 1 1 1 1 1 1 1 1 1 0 1 1 1 1 1 1 1 1 1 1 1 1 1 1
2 2 2 2 2 2 2 2 2 2 2 2 2 2 2 2 2 2 2 2 2 2 2 2 2 2 2 2 0 2 2 2 2 2 2 2 2 2 2 2 2 2
1 1 1 1 1 1 1 1 1 1 1 1 1 1 1 1 1 1 1 1 1 1 1 1 1 1 1 1 1 0 1 1 1 1 1 1 1 1 1 1 1 1
3 3 3 3 3 3 3 3 3 3 3 3 3 3 3 3 3 3 3 3 3 3 3 3 3 3 3 3 3 3 0 3 3 3 3 3 3 3 3 3 3 3
2 2 2 2 2 2 2 2 2 2 2 2 2 2 2 2 2 2 2 2 2 2 2 2 2 2 2 2 2 2 2 0 2 2 2 2 2 2 2 2 2 2
1 1 1 1 1 1 1 1 1 1 1 1 1 1 1 1 1 1 1 1 1 1 1 1 1 1 1 1 1 1 1 1 0 1 1 1 1 1 1 1 1 1
1 1 1 1 1 1 1 1 1 1 1 1 1 1 1 1 1 1 1 1 1 1 1 1 1 1 1 1 1 1 1 1 1 0 1 1 1 1 1 1 1 1
1 1 1 1 1 1 1 1 1 1 1 1 1 1 1 1 1 1 1 1 1 1 1 1 1 1 1 1 1 1 1 1 1 1 0 1 1 1 1 1 1 1
2 2 2 2 2 2 2 2 2 2 2 2 2 2 2 2 2 2 2 2 2 2 2 2 2 2 2 2 2 2 2 2 2 2 2 0 2 2 2 2 2 2
2 2 2 2 2 2 2 2 2 2 2 2 2 2 2 2 2 2 2 2 2 2 2 2 2 2 2 2 2 2 2 2 2 2 2 2 0 2 2 2 2 2
1 1 1 1 1 1 1 1 1 1 1 1 1 1 1 1 1 1 1 1 1 1 1 1 1 1 1 1 1 1 1 1 1 1 1 1 1 0 1 1 1 1
2 2 2 2 2 2 2 2 2 2 2 2 2 2 2 2 2 2 2 2 2 2 2 2 2 2 2 2 2 2 2 2 2 2 2 2 2 2 0 2 2 2
3 3 3 3 3 3 3 3 3 3 3 3 3 3 3 3 3 3 3 3 3 3 3 3 3 3 3 3 3 3 3 3 3 3 3 3 3 3 3 0 3 3
2 2 2 2 2 2 2 2 2 2 2 2 2 2 2 2 2 2 2 2 2 2 2 2 2 2 2 2 2 2 2 2 2 2 2 2 2 2 2 2 0 2
3 3 3 3 3 3 3 3 3 3 3 3 3 3 3 3 3 3 3 3 3 3 3 3 3 3 3 3 3 3 3 3 3 3 3 3 3 3 3 3 3 0
Time:
0	15
15	30
30	45
45	60
60	75
75	90
90	105
105	120
120	135
135	150
150	165
165	180
180	195
195	210
210	225
225	240
240	255
255	270
270	285
285	300
300	315
315	330
330	345
345	360
360	375
375	390
390	405
405	420
420	435
435	450
450	465
465	480
480	495
495	510
510	525
525	540
540	555
555	570
570	585
585	600
600	615
615	630
630	645
645	660
660	675
675	690
690	705
705	720
720	735
735	750
750	765
765	780
780	795
795	810
810	825
825	840
840	855
855	870
870	885
885	900
900	915
915	930
930	945
945	960
960	975
975	990
990	1005
1005	1020
1020	1035
1035	1050
1050	1065
1065	1080
1080	2200
Speed:
0.925	0.85	0.925	1	0.8325	0.765	0.8325	0.9	0.4625	0.425	0.4625	0.5	0.30525	0.2805	0.30525	0.33	0.37	0.34	0.37	0.4	0.555	0.51	0.555	0.6	0.6475	0.595	0.6475	0.7	0.37	0.34	0.37	0.4	0.30525	0.2805	0.30525	0.33	0.4625	0.425	0.4625	0.5	0.6475	0.595	0.6475	0.7	0.74	0.68	0.74	0.8	0.6475	0.595	0.6475	0.7	0.4625	0.425	0.4625	0.5	0.555	0.51	0.555	0.6	0.6475	0.595	0.6475	0.7	0.8325	0.765	0.8325	0.9	0.925	0.85	0.925	1	1
0.925	0.85	0.925	1	0.8325	0.765	0.8325	0.9	0.4625	0.425	0.4625	0.5	0.30525	0.2805	0.30525	0.33	0.37	0.34	0.37	0.4	0.555	0.51	0.555	0.6	0.6475	0.595	0.6475	0.7	0.37	0.34	0.37	0.4	0.30525	0.2805	0.30525	0.33	0.4625	0.425	0.4625	0.5	0.6475	0.595	0.6475	0.7	0.74	0.68	0.74	0.8	0.6475	0.595	0.6475	0.7	0.4625	0.425	0.4625	0.5	0.555	0.51	0.555	0.6	0.6475	0.595	0.6475	0.7	0.8325	0.765	0.8325	0.9	0.925	0.85	0.925	1	1
0.925	0.85	0.925	1	0.8325	0.765	0.8325	0.9	0.4625	0.425	0.4625	0.5	0.30525	0.2805	0.30525	0.33	0.37	0.34	0.37	0.4	0.555	0.51	0.555	0.6	0.6475	0.595	0.6475	0.7	0.37	0.34	0.37	0.4	0.30525	0.2805	0.30525	0.33	0.4625	0.425	0.4625	0.5	0.6475	0.595	0.6475	0.7	0.74	0.68	0.74	0.8	0.6475	0.595	0.6475	0.7	0.4625	0.425	0.4625	0.5	0.555	0.51	0.555	0.6	0.6475	0.595	0.6475	0.7	0.8325	0.765	0.8325	0.9	0.925	0.85	0.925	1	1
