41
0.00 77.59 69.61 68.24 67.83 84.66 54.09 91.57 67.97 86.91 93.78 55.65 68.25 80.16 74.62 70.48 70.14 49.38 77.34 89.48 72.93 73.29 46.92 79.63 65.73 74.57 76.08 72.79 80.20 53.17 70.29 72.18 97.81 63.03 103.71 47.62 91.62 79.55 64.09 58.95 73.48
77.59 0.00 46.95 17.04 19.04 30.56 34.49 32.59 20.44 16.18 17.58 32.06 49.07 29.47 19.15 9.95 44.13 36.59 20.17 17.87 27.11 27.30 43.65 29.44 45.86 45.23 5.71 31.54 27.08 47.09 25.23 39.53 27.71 24.43 26.92 36.35 29.38 29.50 33.47 51.59 29.85
69.61 46.95 0.00 30.41 28.34 25.66 21.73 31.81 26.81 40.77 50.78 22.42 13.82 22.44 28.46 37.80 10.10 25.36 28.72 42.46 20.40 20.34 23.70 22.05 14.72 5.66 41.35 16.13 24.51 16.44 21.75 8.28 44.63 24.56 58.55 27.93 34.43 21.94 14.60 12.03 17.99
68.24 17.04 30.41 0.00 13.67 21.02 18.49 26.35 13.02 18.86 27.16 16.04 32.35 17.77 7.42 7.41 27.73 21.63 10.25 21.42 12.27 12.60 28.08 17.46 28.99 29.47 11.90 16.25 16.17 30.38 9.39 23.62 29.62 7.65 36.96 22.19 24.98 17.46 16.48 34.57 14.95
67.83 19.04 28.34 13.67 0.00 20.01 17.03 25.71 11.40 19.71 28.42 14.62 30.28 16.49 6.99 9.48 25.66 20.46 9.84 22.24 10.53 10.88 26.67 16.13 26.93 27.45 13.80 14.35 15.10 28.59 7.50 21.60 29.98 6.02 38.11 21.22 24.64 16.13 14.44 32.60 13.14
84.66 30.56 25.66 21.02 20.01 0.00 30.62 7.08 19.02 17.92 27.20 29.02 28.38 4.53 13.83 25.47 22.87 35.29 11.39 18.75 11.77 11.39 38.93 5.07 27.16 21.08 25.27 12.48 4.94 36.26 14.70 17.69 19.00 22.56 33.58 37.08 8.82 5.15 21.19 35.99 11.36
54.09 34.49 21.73 18.49 17.03 30.62 0.00 37.59 16.37 36.42 45.44 11.12 22.21 26.10 22.45 24.59 20.47 4.75 24.74 38.88 18.97 19.32 9.65 25.56 18.36 24.44 30.05 18.77 26.31 13.16 16.68 20.03 45.51 11.03 55.04 6.98 38.01 25.49 10.36 19.45 19.40
91.57 32.59 31.81 26.35 25.71 7.08 37.59 0.00 24.94 17.54 25.11 35.92 34.53 11.58 18.92 29.47 29.16 42.23 16.12 17.37 18.65 18.29 46.00 12.13 33.69 26.79 27.93 19.55 11.39 43.26 21.35 24.19 14.05 29.03 29.65 43.95 15.90 12.22 28.27 42.65 18.43
67.97 20.44 26.81 13.02 11.40 19.02 16.37 24.94 0.00 20.10 29.10 14.01 28.78 15.31 6.65 10.99 24.12 20.05 9.41 22.59 9.08 9.45 26.01 14.94 25.46 25.89 15.09 12.81 14.08 27.53 5.97 20.03 29.95 5.38 38.68 20.99 24.10 14.92 13.04 31.31 11.65
86.91 16.18 40.77 18.86 19.71 17.92 36.42 17.54 20.10 0.00 10.03 34.10 43.33 19.00 14.18 17.25 37.79 40.13 12.59 18.53 20.91 20.85 46.04 19.24 41.04 37.32 13.05 24.77 16.60 46.55 21.13 32.52 12.09 25.48 18.79 40.93 13.85 19.34 30.72 48.78 22.91
93.78 17.58 50.78 27.16 28.42 27.20 45.44 25.11 29.10 10.03 0.00 43.04 53.36 28.83 23.80 23.33 47.81 48.79 22.51 8.50 30.90 30.85 55.09 29.11 51.06 47.24 17.71 34.79 26.50 56.19 30.91 42.53 13.77 34.40 9.96 49.29 21.11 29.21 40.51 58.71 32.94
55.65 32.06 22.42 16.04 14.62 29.02 11.12 35.92 14.01 34.10 43.04 0.00 23.18 24.53 20.21 22.15 20.87 6.36 22.59 36.57 17.28 17.64 12.05 24.01 19.31 24.60 27.59 17.56 24.56 15.38 14.76 19.79 43.39 8.65 52.68 8.08 36.15 23.94 9.70 21.30 17.98
68.25 49.07 13.82 32.35 30.28 28.38 22.21 34.53 28.78 43.33 53.36 23.18 0.00 25.12 30.80 39.76 5.59 25.47 31.18 45.06 22.81 22.77 23.03 24.72 10.51 8.16 43.51 18.62 27.16 15.24 23.95 10.92 47.35 26.16 61.21 28.03 37.16 24.61 16.17 9.88 20.48
80.16 29.47 22.44 17.77 16.49 4.53 26.10 11.58 15.31 19.00 28.83 24.53 25.12 0.00 11.15 23.13 19.53 30.78 9.36 20.36 7.35 6.96 34.42 9.60 23.50 18.45 23.91 8.08 9.46 31.96 10.45 14.22 22.43 18.37 36.14 32.60 12.83 9.68 16.70 32.12 6.85
74.62 19.15 28.46 7.42 6.99 13.83 22.45 18.92 6.65 14.18 23.80 20.21 30.80 11.15 0.00 11.98 25.54 26.43 15.80 16.54 8.12 8.25 31.99 10.96 28.00 26.20 13.44 12.54 9.17 32.42 7.18 20.64 23.34 11.80 32.97 27.53 17.67 10.99 16.74 35.09 10.78
70.48 9.95 37.80 7.41 9.48 25.47 24.59 29.47 10.99 17.25 23.33 22.15 39.76 23.13 11.98 0.00 35.09 26.93 14.10 19.71 18.95 19.22 33.87 22.94 36.40 36.68 5.84 23.20 21.07 37.14 16.46 30.85 29.20 14.52 33.28 26.91 27.20 22.97 23.85 41.75 21.72
70.14 44.13 10.10 27.73 25.66 22.87 20.47 29.16 24.12 37.79 47.81 20.87 5.59 19.53 25.54 35.09 0.00 24.44 25.76 39.50 17.46 17.39 23.64 19.13 4.92 4.44 38.51 13.17 21.57 17.13 18.91 5.33 41.80 22.18 55.61 27.00 31.67 19.02 12.35 13.91 15.03
49.38 36.59 25.36 21.63 20.46 35.29 4.75 42.23 20.05 40.13 48.79 6.36 25.47 30.78 26.43 26.93 24.44 0.00 28.88 42.63 23.58 23.94 7.25 30.24 21.73 28.59 32.63 23.52 30.89 13.75 21.12 24.50 49.69 14.69 58.55 11.73 42.51 30.17 15.08 21.00 24.11
77.34 20.17 28.72 10.25 9.84 11.39 24.74 16.12 9.41 12.59 22.51 22.59 31.18 9.36 15.80 14.10 25.76 28.88 0.00 14.75 8.44 8.43 34.17 9.28 28.65 25.93 14.56 12.59 7.08 34.05 8.61 20.64 20.81 14.38 31.30 30.10 14.81 9.34 18.16 36.20 10.74
89.48 17.87 42.46 21.42 22.24 18.75 38.88 17.37 22.59 18.53 8.50 36.57 45.06 20.36 16.54 19.71 39.50 42.63 14.75 0.00 22.92 22.83 48.47 20.65 42.91 38.79 15.26 26.61 18.05 48.80 23.35 34.19 9.92 27.97 16.55 43.46 13.47 20.76 32.91 50.81 24.77
72.93 27.11 20.40 12.27 10.53 11.77 18.97 18.65 9.08 20.91 30.90 17.28 22.81 7.35 8.12 18.95 17.46 23.58 8.44 22.92 0.00 8.73 27.71 6.85 20.22 18.12 21.41 4.44 7.34 26.34 11.30 12.52 27.50 11.15 39.43 25.32 19.13 6.79 10.42 27.89 13.01
73.29 27.30 20.34 12.60 10.88 11.39 19.32 18.29 9.45 20.85 30.85 17.64 22.77 6.96 8.25 19.22 17.39 23.94 8.43 22.83 8.73 0.00 28.01 6.45 20.23 17.96 21.60 4.29 7.01 26.54 11.15 12.39 27.28 11.56 39.32 25.70 18.82 6.40 10.65 27.99 12.61
46.92 43.65 23.70 28.08 26.67 38.93 9.65 46.00 26.01 46.04 55.09 12.05 23.03 34.42 31.99 33.87 23.64 7.25 34.17 48.47 27.71 28.01 0.00 33.88 19.78 28.06 39.47 26.55 35.00 8.55 25.84 25.26 54.83 20.68 64.69 8.55 46.83 33.79 17.76 16.19 27.57
79.63 29.44 22.05 17.46 16.13 5.07 25.56 12.13 14.94 19.24 29.11 24.01 24.72 9.60 10.96 22.94 19.13 30.24 9.28 20.65 6.85 6.45 33.88 0.00 23.05 18.14 23.85 7.55 10.01 31.44 9.98 13.81 22.89 17.90 36.51 32.08 13.35 10.22 16.15 31.64 6.30
65.73 45.86 14.72 28.99 26.93 27.16 18.36 33.69 25.46 41.04 51.06 19.31 10.51 23.50 28.00 36.40 4.92 21.73 28.65 42.91 20.22 20.23 19.78 23.05 0.00 9.05 40.37 16.30 25.32 12.57 20.97 9.50 45.92 22.54 59.25 24.30 35.98 22.94 12.61 9.06 18.14
74.57 45.23 5.66 29.47 27.45 21.08 24.44 26.79 25.89 37.32 47.24 24.60 8.16 18.45 26.20 36.68 4.44 28.59 25.93 38.79 18.12 17.96 28.06 18.14 9.05 0.00 39.53 13.69 20.74 21.51 20.22 5.86 40.05 24.76 54.48 31.13 29.68 18.03 15.46 17.68 15.42
76.08 5.71 41.35 11.90 13.80 25.27 30.05 27.93 15.09 13.05 17.71 27.59 43.51 23.91 13.44 5.84 38.51 32.63 14.56 15.26 21.41 21.60 39.47 23.85 40.37 39.53 0.00 25.84 21.56 42.26 19.60 33.85 25.12 19.51 27.63 32.70 25.04 23.90 28.11 46.40 24.15
72.79 31.54 16.13 16.25 14.35 12.48 18.77 19.55 12.81 24.77 34.79 17.56 18.62 8.08 12.54 23.20 13.17 23.52 12.59 26.61 4.44 4.29 26.55 7.55 16.30 13.69 25.84 0.00 9.34 23.90 6.86 8.11 30.15 13.44 42.97 25.58 20.88 7.45 8.81 24.48 12.56
80.20 27.08 24.51 16.17 15.10 4.94 26.31 11.39 14.08 16.60 26.50 24.56 27.16 9.46 9.17 21.07 21.57 30.89 7.08 18.05 7.34 7.01 35.00 10.01 25.32 20.74 21.56 9.34 0.00 33.11 9.97 16.24 20.82 17.73 34.04 32.57 11.84 10.09 17.47 33.75 7.76
53.17 47.09 16.44 30.38 28.59 36.26 13.16 43.26 27.53 46.55 56.19 15.38 15.24 31.96 32.42 37.14 17.13 13.75 34.05 48.80 26.34 26.54 8.55 31.44 12.57 21.51 42.26 23.90 33.11 0.00 25.45 20.16 53.80 22.76 65.33 15.91 44.78 31.33 15.96 7.65 25.35
70.29 25.23 21.75 9.39 7.50 14.70 16.68 21.35 5.97 21.13 30.91 14.76 23.95 10.45 7.18 16.46 18.91 21.12 8.61 23.35 11.30 11.15 25.84 9.98 20.97 20.22 19.60 6.86 9.97 25.45 0.00 14.41 29.00 7.92 39.89 22.68 21.40 9.94 9.61 27.91 5.70
72.18 39.53 8.28 23.62 21.60 17.69 20.03 24.19 20.03 32.52 42.53 19.79 10.92 14.22 20.64 30.85 5.33 24.50 20.64 34.19 12.52 12.39 25.26 13.81 9.50 5.86 33.85 8.11 16.24 20.16 14.41 0.00 36.55 19.03 50.28 26.94 26.51 13.70 10.21 18.47 9.93
97.81 27.71 44.63 29.62 29.98 19.00 45.51 14.05 29.95 12.09 13.77 43.39 47.35 22.43 23.34 29.20 41.80 49.69 20.81 9.92 27.50 27.28 54.83 22.89 45.92 40.05 25.12 30.15 20.82 53.80 29.00 36.55 0.00 35.13 15.77 50.87 10.48 23.00 37.93 54.53 28.54
63.03 24.43 24.56 7.65 6.02 22.56 11.03 29.03 5.38 25.48 34.40 8.65 26.16 18.37 11.80 14.52 22.18 14.69 14.38 27.97 11.15 11.56 20.68 17.90 22.54 24.76 19.51 13.44 17.73 22.76 7.92 19.03 35.13 0.00 44.03 15.73 28.67 17.85 9.99 27.26 12.97
103.71 26.92 58.55 36.96 38.11 33.58 55.04 29.65 38.68 18.79 9.96 52.68 61.21 36.14 32.97 33.28 55.61 58.55 31.30 16.55 39.43 39.32 64.69 36.51 59.25 54.48 27.63 42.97 34.04 65.33 39.89 50.28 15.77 44.03 0.00 59.13 25.83 36.62 49.46 67.31 41.17
47.62 36.35 27.93 22.19 21.22 37.08 6.98 43.95 20.99 40.93 49.29 8.08 28.03 32.60 27.53 26.91 27.00 11.73 30.10 43.46 25.32 25.70 8.55 32.08 24.30 31.13 32.70 25.58 32.57 15.91 22.68 26.94 50.87 15.73 59.13 0.00 44.05 32.01 17.33 23.32 26.05
91.62 29.38 34.43 24.98 24.64 8.82 38.01 15.90 24.10 13.85 21.11 36.15 37.16 12.83 17.67 27.20 31.67 42.51 14.81 13.47 19.13 18.82 46.83 13.35 35.98 29.68 25.04 20.88 11.84 44.78 21.40 26.51 10.48 28.67 25.83 44.05 0.00 13.45 29.29 44.79 19.49
79.55 29.50 21.94 17.46 16.13 5.15 25.49 12.22 14.92 19.34 29.21 23.94 24.61 9.68 10.99 22.97 19.02 30.17 9.34 20.76 6.79 6.40 33.79 10.22 22.94 18.03 23.90 7.45 10.09 31.33 9.94 13.70 23.00 17.85 36.62 32.01 13.45 0.00 16.06 31.53 6.21
64.09 33.47 14.60 16.48 14.44 21.19 10.36 28.27 13.04 30.72 40.51 9.70 16.17 16.70 16.74 23.85 12.35 15.08 18.16 32.91 10.42 10.65 17.76 16.15 12.61 15.46 28.11 8.81 17.47 15.96 9.61 10.21 37.93 9.99 49.46 17.33 29.29 16.06 0.00 18.46 9.86
58.95 51.59 12.03 34.57 32.60 35.99 19.45 42.65 31.31 48.78 58.71 21.30 9.88 32.12 35.09 41.75 13.91 21.00 36.20 50.81 27.89 27.99 16.19 31.64 9.06 17.68 46.40 24.48 33.75 7.65 27.91 18.47 54.53 27.26 67.31 23.32 44.79 31.53 18.46 0.00 26.22
73.48 29.85 17.99 14.95 13.14 11.36 19.40 18.43 11.65 22.91 32.94 17.98 20.48 6.85 10.78 21.72 15.03 24.11 10.74 24.77 13.01 12.61 27.57 6.30 18.14 15.42 24.15 12.56 7.76 25.35 5.70 9.93 28.54 12.97 41.17 26.05 19.49 6.21 9.86 26.22 0.00
0	0	2200	0	0	0
1	48	128	1	0	34
2	123	203	1	0	31
3	211	291	1	0	5
4	249	329	1	0	22
5	290	370	-1	3	0
6	342	422	1	0	8
7	415	495	1	0	37
8	491	571	-1	6	0
9	538	618	1	0	25
10	559	639	1	0	16
11	625	705	1	0	23
12	658	738	1	0	35
13	692	772	1	0	18
14	711	791	1	0	20
15	729	809	1	0	27
16	800	880	-1	10	0
17	846	926	1	0	36
18	893	973	-1	13	0
19	915	995	1	0	38
20	945	1025	-1	14	0
21	956	1036	1	0	24
22	988	1068	-1	4	0
23	1026	1106	-1	11	0
24	1050	1130	-1	21	0
25	1059	1139	-1	9	0
26	1099	1179	1	0	28
27	1125	1205	-1	15	0
28	1134	1214	-1	26	0
29	1168	1248	1	0	30
30	1194	1274	-1	29	0
31	1208	1288	-1	2	0
32	1246	1326	1	0	33
33	1281	1361	-1	32	0
34	1326	1406	-1	1	0
35	1385	1465	-1	12	0
36	1429	1509	-1	17	0
37	1443	1523	-1	7	0
38	1459	1539	-1	19	0
39	1478	1558	1	0	40
40	1504	1584	-1	39	0
C:
0 3 3 3 3 3 3 3 3 3 3 3 3 3 3 3 3 3 3 3 3 3 3 3 3 3 3 3 3 3 3 3 3 3 3 3 3 3 3 3 3 3
3 0 3 3 3 3 3 3 3 3 3 3 3 3 3 3 3 3 3 3 3 3 3 3 3 3 3 3 3 3 3 3 3 3 3 3 3 3 3 3 3 3
2 2 0 2 2 2 2 2 2 2 2 2 2 2 2 2 2 2 2 2 2 2 2 2 2 2 2 2 2 2 2 2 2 2 2 2 2 2 2 2 2 2
1 1 1 0 1 1 1 1 1 1 1 1 1 1 1 1 1 1 1 1 1 1 1 1 1 1 1 1 1 1 1 1 1 1 1 1 1 1 1 1 1 1
1 1 1 1 0 1 1 1 1 1 1 1 1 1 1 1 1 1 1 1 1 1 1 1 1 1 1 1 1 1 1 1 1 1 1 1 1 1 1 1 1 1
1 1 1 1 1 0 1 1 1 1 1 1 1 1 1 1 1 1 1 1 1 1 1 1 1 1 1 1 1 1 1 1 1 1 1 1 1 1 1 1 1 1
2 2 2 2 2 2 0 2 2 2 2 2 2 2 2 2 2 2 2 2 2 2 2 2 2 2 2 2 2 2 2 2 2 2 2 2 2 2 2 2 2 2
2 2 2 2 2 2 2 0 2 2 2 2 2 2 2 2 2 2 2 2 2 2 2 2 2 2 2 2 2 2 2 2 2 2 2 2 2 2 2 2 2 2
1 1 1 1 1 1 1 1 0 1 1 1 1 1 1 1 1 1 1 1 1 1 1 1 1 1 1 1 1 1 1 1 1 1 1 1 1 1 1 1 1 1
2 2 2 2 2 2 2 2 2 0 2 2 2 2 2 2 2 2 2 2 2 2 2 2 2 2 2 2 2 2 2 2 2 2 2 2 2 2 2 2 2 2
3 3 3 3 3 3 3 3 3 3 0 3 3 3 3 3 3 3 3 3 3 3 3 3 3 3 3 3 3 3 3 3 3 3 3 3 3 3 3 3 3 3
2 2 2 2 2 2 2 2 2 2 2 0 2 2 2 2 2 2 2 2 2 2 2 2 2 2 2 2 2 2 2 2 2 2 2 2 2 2 2 2 2 2
2 2 2 2 2 2 2 2 2 2 2 2 0 2 2 2 2 2 2 2 2 2 2 2 2 2 2 2 2 2 2 2 2 2 2 2 2 2 2 2 2 2
1 1 1 1 1 1 1 1 1 1 1 1 1 0 1 1 1 1 1 1 1 1 1 1 1 1 1 1 1 1 1 1 1 1 1 1 1 1 1 1 1 1
1 1 1 1 1 1 1 1 1 1 1 1 1 1 0 1 1 1 1 1 1 1 1 1 1 1 1 1 1 1 1 1 1 1 1 1 1 1 1 1 1 1
2 2 2 2 2 2 2 2 2 2 2 2 2 2 2 0 2 2 2 2 2 2 2 2 2 2 2 2 2 2 2 2 2 2 2 2 2 2 2 2 2 2
2 2 2 2 2 2 2 2 2 2 2 2 2 2 2 2 0 2 2 2 2 2 2 2 2 2 2 2 2 2 2 2 2 2 2 2 2 2 2 2 2 2
2 2 2 2 2 2 2 2 2 2 2 2 2 2 2 2 2 0 2 2 2 2 2 2 2 2 2 2 2 2 2 2 2 2 2 2 2 2 2 2 2 2
1 1 1 1 1 1 1 1 1 1 1 1 1 1 1 1 1 1 0 1 1 1 1 1 1 1 1 1 1 1 1 1 1 1 1 1 1 1 1 1 1 1
2 2 2 2 2 2 2 2 2 2 2 2 2 2 2 2 2 2 2 0 2 2 2 2 2 2 2 2 2 2 2 2 2 2 2 2 2 2 2 2 2 2
1 1 1 1 1 1 1 1 1 1 1 1 1 1 1 1 1 1 1 1 0 1 1 1 1 1 1 1 1 1 1 1 1 1 1 1 1 1 1 1 1 1
1 1 1 1 1 1 1 1 1 1 1 1 1 1 1 1 1 1 1 1 1 0 1 1 1 1 1 1 1 1 1 1 1 1 1 1 1 1 1 1 1 1
3 3 3 3 3 3 3 3 3 3 3 3 3 3 3 3 3 3 3 3 3 3 0 3 3 3 3 3 3 3 3 3 3 3 3 3 3 3 3 3 3 3
1 1 1 1 1 1 1 1 1 1 1 1 1 1 1 1 1 1 1 1 1 1 1 0 1 1 1 1 1 1 1 1 1 1 1 1 1 1 1 1 1 1
2 2 2 2 2 2 2 2 2 2 2 2 2 2 2 2 2 2 2 2 2 2 2 2 0 2 2 2 2 2 2 2 2 2 2 2 2 2 2 2 2 2
2 2 2 2 2 2 2 2 2 2 2 2 2 2 2 2 2 2 2 2 2 2 2 2 2 0 2 2 2 2 2 2 2 2 2 2 2 2 2 2 2 2
2 2 2 2 2 2 2 2 2 2 2 2 2 2 2 2 2 2 2 2 2 2 2 2 2 2 0 2 2 2 2 2 2 2 2 2 2 2 2 2 2 2
1 1 1 1 1 1 1 1 1 1 1 1 1 1 1 1 1 1 1 1 1 1 1 1 1 1 1 0 1 1 1 1 1 1 1 1 1 1 1 1 1 1
1 1 1 1 1 1 1 1 1 1 1 1 1 1 1 1 1 1 1 1 1 1 1 1 1 1 1 1 0 1 1 1 1 1 1 1 1 1 1 1 1 1
3 3 3 3 3 3 3 3 3 3 3 3 3 3 3 3 3 3 3 3 3 3 3 3 3 3 3 3 3 0 3 3 3 3 3 3 3 3 3 3 3 3
1 1 1 1 1 1 1 1 1 1 1 1 1 1 1 1 1 1 1 1 1 1 1 1 1 1 1 1 1 1 0 1 1 1 1 1 1 1 1 1 1 1
1 1 1 1 1 1 1 1 1 1 1 1 1 1 1 1 1 1 1 1 1 1 1 1 1 1 1 1 1 1 1 0 1 1 1 1 1 1 1 1 1 1
3 3 3 3 3 3 3 3 3 3 3 3 3 3 3 3 3 3 3 3 3 3 3 3 3 3 3 3 3 3 3 3 0 3 3 3 3 3 3 3 3 3
1 1 1 1 1 1 1 1 1 1 1 1 1 1 1 1 1 1 1 1 1 1 1 1 1 1 1 1 1 1 1 1 1 0 1 1 1 1 1 1 1 1
3 3 3 3 3 3 3 3 3 3 3 3 3 3 3 3 3 3 3 3 3 3 3 3 3 3 3 3 3 3 3 3 3 3 0 3 3 3 3 3 3 3
2 2 2 2 2 2 2 2 2 2 2 2 2 2 2 2 2 2 2 2 2 2 2 2 2 2 2 2 2 2 2 2 2 2 2 0 2 2 2 2 2 2
2 2 2 2 2 2 2 2 2 2 2 2 2 2 2 2 2 2 2 2 2 2 2 2 2 2 2 2 2 2 2 2 2 2 2 2 0 2 2 2 2 2
1 1 1 1 1 1 1 1 1 1 1 1 1 1 1 1 1 1 1 1 1 1 1 1 1 1 1 1 1 1 1 1 1 1 1 1 1 0 1 1 1 1
1 1 1 1 1 1 1 1 1 1 1 1 1 1 1 1 1 1 1 1 1 1 1 1 1 1 1 1 1 1 1 1 1 1 1 1 1 1 0 1 1 1
3 3 3 3 3 3 3 3 3 3 3 3 3 3 3 3 3 3 3 3 3 3 3 3 3 3 3 3 3 3 3 3 3 3 3 3 3 3 3 0 3 3
1 1 1 1 1 1 1 1 1 1 1 1 1 1 1 1 1 1 1 1 1 1 1 1 1 1 1 1 1 1 1 1 1 1 1 1 1 1 1 1 0 1
3 3 3 3 3 3 3 3 3 3 3 3 3 3 3 3 3 3 3 3 3 3 3 3 3 3 3 3 3 3 3 3 3 3 3 3 3 3 3 3 3 0
Time:
0	15
15	30
30	45
45	60
60	75
75	90
90	105
105	120
120	135
135	150
150	165
165	180
180	195
195	210
210	225
225	240
240	255
255	270
270	285
285	300
300	315
315	330
330	345
345	360
360	375
375	390
390	405
405	420
420	435
435	450
450	465
465	480
480	495
495	510
510	525
525	540
540	555
555	570
570	585
585	600
600	615
615	630
630	645
645	660
660	675
675	690
690	705
705	720
720	735
735	750
750	765
765	780
780	795
795	810
810	825
825	840
840	855
855	870
870	885
885	900
900	915
915	930
930	945
945	960
960	975
975	990
990	1005
1005	1020
1020	1035
1035	1050
1050	1065
1065	1080
1080	2200
Speed:
0.925	0.85	0.925	1	0.8325	0.765	0.8325	0.9	0.4625	0.425	0.4625	0.5	0.30525	0.2805	0.30525	0.33	0.37	0.34	0.37	0.4	0.555	0.51	0.555	0.6	0.6475	0.595	0.6475	0.7	0.37	0.34	0.37	0.4	0.30525	0.2805	0.30525	0.33	0.4625	0.425	0.4625	0.5	0.6475	0.595	0.6475	0.7	0.74	0.68	0.74	0.8	0.6475	0.595	0.6475	0.7	0.4625	0.425	0.4625	0.5	0.555	0.51	0.555	0.6	0.6475	0.595	0.6475	0.7	0.8325	0.765	0.8325	0.9	0.925	0.85	0.925	1	1
0.925	0.85	0.925	1	0.8325	0.765	0.8325	0.9	0.4625	0.425	0.4625	0.5	0.30525	0.2805	0.30525	0.33	0.37	0.34	0.37	0.4	0.555	0.51	0.555	0.6	0.6475	0.595	0.6475	0.7	0.37	0.34	0.37	0.4	0.30525	0.2805	0.30525	0.33	0.4625	0.425	0.4625	0.5	0.6475	0.595	0.6475	0.7	0.74	0.68	0.74	0.8	0.6475	0.595	0.6475	0.7	0.4625	0.425	0.4625	0.5	0.555	0.51	0.555	0.6	0.6475	0.595	0.6475	0.7	0.8325	0.765	0.8325	0.9	0.925	0.85	0.925	1	1
0.925	0.85	0.925	1	0.8325	0.765	0.8325	0.9	0.4625	0.425	0.4625	0.5	0.30525	0.2805	0.30525	0.33	0.37	0.34	0.37	0.4	0.555	0.51	0.555	0.6	0.6475	0.595	0.6475	0.7	0.37	0.34	0.37	0.4	0.30525	0.2805	0.30525	0.33	0.4625	0.425	0.4625	0.5	0.6475	0.595	0.6475	0.7	0.74	0.68	0.74	0.8	0.6475	0.595	0.6475	0.7	0.4625	0.425	0.4625	0.5	0.555	0.51	0.555	0.6	0.6475	0.595	0.6475	0.7	0.8325	0.765	0.8325	0.9	0.925	0.85	0.925	1	1
