41
0.00 62.91 69.15 81.78 63.47 58.40 72.71 69.67 79.06 66.21 61.81 81.27 97.81 82.91 71.43 61.10 57.28 79.17 51.75 69.72 66.66 60.16 89.09 78.98 60.32 84.75 85.76 61.33 70.41 73.14 76.83 69.11 61.59 63.22 73.78 63.05 74.64 73.05 95.34 63.78 84.89
62.91 0.00 27.94 31.04 21.30 19.21 13.33 26.98 38.17 18.78 13.90 33.32 45.49 32.90 20.89 20.43 18.85 25.51 20.20 21.86 9.43 20.12 49.84 36.02 13.27 46.91 32.02 19.96 9.27 18.99 34.65 26.74 10.07 4.97 15.13 18.68 37.30 14.87 45.77 21.31 34.05
69.15 27.94 0.00 13.70 7.64 12.70 20.26 12.74 11.53 9.17 14.59 12.27 28.86 14.31 9.43 9.80 13.90 14.22 18.82 7.02 19.25 10.71 23.50 10.39 15.84 19.86 18.62 9.93 23.23 13.35 8.35 12.75 27.91 22.97 19.17 46.52 9.43 18.50 26.19 7.46 16.36
81.78 31.04 13.70 0.00 18.31 23.51 18.64 12.73 12.36 16.14 21.79 13.51 16.24 10.74 11.31 20.71 24.69 5.91 30.20 12.28 21.71 21.66 20.84 9.75 23.41 19.45 5.13 20.52 22.94 12.06 10.39 13.25 31.60 26.64 16.81 49.09 15.58 16.71 15.09 18.01 9.59
63.47 21.30 7.64 18.31 0.00 5.38 16.68 7.31 19.14 4.29 7.44 18.20 34.45 19.52 8.72 10.07 6.60 16.25 11.98 6.44 13.67 10.80 31.13 17.78 8.45 27.50 22.41 9.64 18.46 11.90 15.84 6.84 21.08 16.42 16.25 39.58 16.88 15.42 32.49 11.03 21.46
58.40 19.21 12.70 23.51 5.38 0.00 18.32 12.58 24.22 7.93 6.22 23.57 39.71 24.80 13.12 12.85 11.98 20.88 6.69 11.33 13.71 12.71 36.13 23.03 6.10 32.34 27.37 12.34 18.86 15.49 21.03 12.08 18.68 14.79 18.42 36.57 21.48 17.57 37.86 5.65 26.71
72.71 13.33 20.26 18.64 16.68 18.32 0.00 18.94 28.01 12.49 12.43 21.53 32.24 20.54 11.01 17.47 18.83 12.80 23.21 13.24 6.05 17.83 38.81 25.51 13.42 36.53 18.87 16.94 4.36 7.50 24.67 18.97 14.22 10.20 10.60 30.55 28.54 10.60 32.82 16.50 21.38
69.67 26.98 12.74 12.73 7.31 12.58 18.94 0.00 11.89 8.21 13.87 11.62 28.21 13.48 8.06 9.63 13.80 12.91 18.92 5.72 18.15 10.57 23.91 10.47 15.21 20.43 17.55 9.68 22.00 11.97 8.54 11.45 27.00 22.01 17.82 45.61 10.32 17.17 25.74 7.09 15.52
79.06 38.17 11.53 12.36 19.14 24.22 28.01 11.89 0.00 19.77 25.67 8.63 21.56 11.32 17.49 21.33 25.41 17.06 30.14 16.31 28.91 22.23 12.02 11.29 27.06 8.75 16.91 21.45 31.83 20.51 10.09 12.32 38.35 33.26 26.43 56.84 4.90 26.03 17.54 18.94 12.68
66.21 18.78 9.17 16.14 4.29 7.93 12.49 8.21 19.77 0.00 6.05 16.88 32.36 17.63 5.22 5.78 8.97 12.98 14.47 10.73 10.21 6.51 31.71 17.92 7.58 28.45 19.61 5.34 14.62 7.78 16.27 7.96 18.80 13.81 11.97 37.40 18.52 11.15 30.98 13.53 19.41
61.81 13.90 14.59 21.79 7.44 6.22 12.43 13.87 25.67 6.05 0.00 22.84 37.87 23.39 10.49 6.62 6.50 17.81 10.89 9.96 7.49 6.48 37.66 23.92 12.32 34.29 24.72 6.12 12.65 11.36 22.21 13.53 13.64 9.10 12.82 32.14 24.01 11.98 36.79 7.49 25.07
81.27 33.32 12.27 13.51 18.20 23.57 21.53 11.62 8.63 16.88 22.84 0.00 16.60 13.99 12.72 20.64 24.78 9.22 30.17 12.91 23.90 21.61 17.40 6.07 24.43 15.74 8.38 20.54 25.73 14.44 7.04 12.17 33.77 28.71 19.76 51.68 12.19 19.55 14.29 17.92 4.57
97.81 45.49 28.86 16.24 34.45 39.71 32.24 28.21 21.56 32.36 37.87 16.60 0.00 14.93 27.40 36.87 40.90 20.42 46.40 28.51 36.68 37.83 20.59 20.33 39.50 22.56 13.55 36.70 36.54 27.28 22.27 28.76 46.27 41.62 30.40 62.36 26.41 30.63 5.08 34.15 13.01
82.91 32.90 14.31 10.74 19.52 24.80 20.54 13.48 11.32 17.63 23.39 13.99 14.93 0.00 12.96 21.94 26.00 7.79 31.48 13.70 23.56 22.91 19.09 8.82 25.01 17.90 5.61 21.78 24.84 13.92 9.82 14.03 33.45 28.48 18.71 50.99 14.97 18.61 13.40 19.23 10.06
71.43 20.89 9.43 11.31 8.72 13.12 11.01 8.06 17.49 5.22 10.49 12.72 27.40 12.96 0.00 10.74 14.19 7.76 19.69 13.78 11.50 11.57 28.96 15.20 12.12 26.20 14.43 10.38 14.46 13.01 14.02 8.17 21.22 16.13 9.78 39.49 17.56 9.16 26.36 8.42 14.58
61.10 20.43 9.80 20.71 10.07 12.85 17.47 9.63 21.33 5.78 6.62 20.64 36.87 21.94 10.74 0.00 4.19 18.41 9.54 8.67 13.68 12.28 33.28 20.08 7.21 29.55 24.72 8.43 18.70 13.56 18.10 9.13 20.08 15.71 17.28 38.36 18.77 16.44 34.93 11.06 23.88
57.28 18.85 13.90 24.69 6.60 11.98 18.83 13.80 25.41 8.97 6.50 24.78 40.90 26.00 14.19 4.19 0.00 21.94 5.54 12.47 13.95 12.91 37.30 24.24 6.06 33.49 28.49 4.24 19.10 16.40 22.23 13.29 18.25 14.61 19.04 35.90 22.60 18.19 39.07 6.87 27.90
79.17 25.51 14.22 5.91 16.25 20.88 12.80 12.91 17.06 12.98 17.81 9.22 20.42 7.79 7.76 18.41 21.94 0.00 27.45 9.82 16.38 19.27 26.60 14.38 19.42 24.89 6.96 18.08 17.14 6.87 14.30 13.30 26.16 21.34 10.95 43.32 19.20 10.91 20.27 15.94 8.60
51.75 20.20 18.82 30.20 11.98 6.69 23.21 18.92 30.14 14.47 10.89 30.17 46.40 31.48 19.69 9.54 5.54 27.45 0.00 18.01 17.70 8.58 41.82 29.21 9.79 37.84 34.02 9.69 22.69 21.70 27.14 18.38 19.29 16.90 23.70 35.28 26.86 22.87 44.46 12.27 33.39
69.72 21.86 7.02 12.28 6.44 11.33 13.24 5.72 16.31 10.73 9.96 12.91 28.51 13.70 13.78 8.67 12.47 9.82 18.01 0.00 12.71 9.58 28.12 14.27 11.54 25.06 16.06 8.40 16.31 6.57 12.80 5.73 22.04 16.95 12.19 40.54 15.74 11.50 27.02 6.13 15.52
66.66 9.43 19.25 21.71 13.67 13.71 6.05 18.15 28.91 10.21 7.49 23.90 36.68 23.56 11.50 13.68 13.95 16.38 17.70 12.71 0.00 13.76 40.47 26.69 8.04 37.65 23.13 13.13 5.16 9.66 25.41 17.99 9.89 4.96 7.26 27.99 28.40 6.65 36.61 13.59 24.80
60.16 20.12 10.71 21.66 10.80 12.71 17.83 10.57 22.23 6.51 6.48 21.61 37.83 22.91 11.57 12.28 12.91 19.27 8.58 9.58 13.76 0.00 34.16 21.02 6.85 30.40 25.63 11.85 18.84 14.25 19.03 10.07 19.71 15.49 17.74 37.88 19.58 16.88 35.90 13.97 24.83
89.09 49.84 23.50 20.84 31.13 36.13 38.81 23.91 12.02 31.71 37.66 17.40 20.59 19.09 28.96 33.28 37.30 26.60 41.82 28.12 40.47 34.16 0.00 13.85 39.07 4.35 23.58 33.43 42.89 31.49 15.46 24.33 50.10 45.00 37.09 68.45 15.05 36.82 15.51 30.94 19.26
78.98 36.02 10.39 9.75 17.78 23.03 25.51 10.47 11.29 17.92 23.92 6.07 20.33 8.82 15.20 20.08 24.24 14.38 29.21 14.27 26.69 21.02 13.85 0.00 25.37 11.04 14.43 20.15 29.41 18.04 11.59 10.96 36.27 31.16 23.90 54.67 6.40 23.53 16.75 17.55 10.34
60.32 13.27 15.84 23.41 8.45 6.10 13.42 15.21 27.06 7.58 12.32 24.43 39.50 25.01 12.12 7.21 6.06 19.42 9.79 11.54 8.04 6.85 39.07 25.37 0.00 35.63 26.34 6.76 13.16 12.92 23.62 14.83 12.88 8.71 13.98 31.20 25.23 13.17 38.41 8.54 26.69
84.75 46.91 19.86 19.45 27.50 32.34 36.53 20.43 8.75 28.45 34.29 15.74 22.56 17.90 26.20 29.55 33.49 24.89 37.84 25.06 37.65 30.40 4.35 11.04 35.63 0.00 22.98 29.74 40.46 29.07 12.26 20.80 47.09 42.01 34.89 65.59 10.98 34.54 17.59 27.33 18.53
85.76 32.02 18.62 5.13 22.41 27.37 18.87 17.55 16.91 19.61 24.72 8.38 13.55 5.61 14.43 24.72 28.49 6.96 34.02 16.06 23.13 25.63 23.58 14.43 26.34 22.98 0.00 24.45 23.22 13.79 15.35 18.05 32.76 28.08 17.01 49.30 20.53 17.17 14.04 22.11 4.45
61.33 19.96 9.93 20.52 9.64 12.34 16.94 9.68 21.45 5.34 6.12 20.54 36.70 21.78 10.38 8.43 4.24 18.08 9.69 8.40 13.13 11.85 33.43 20.15 6.76 29.74 24.45 0.00 18.15 13.11 18.19 9.20 19.62 15.22 16.76 37.95 19.01 15.91 34.83 11.11 23.70
70.41 9.27 23.23 22.94 18.46 18.86 4.36 22.00 31.83 14.62 12.65 25.73 36.54 24.84 14.46 18.70 19.10 17.14 22.69 16.31 5.16 18.84 42.89 29.41 13.16 40.46 23.22 18.15 0.00 11.41 28.42 21.93 10.30 7.19 6.23 26.19 31.97 6.23 37.19 18.34 25.72
73.14 18.99 13.35 12.06 11.90 15.49 7.50 11.97 20.51 7.78 11.36 14.44 27.28 13.92 13.01 13.56 16.40 6.87 21.70 6.57 9.66 14.25 31.49 18.04 12.92 29.07 13.79 13.11 11.41 0.00 17.17 12.10 19.53 14.60 6.04 37.23 21.13 5.54 26.98 11.64 15.15
76.83 34.65 8.35 10.39 15.84 21.03 24.67 8.54 10.09 16.27 22.21 7.04 22.27 9.82 14.02 18.10 22.23 14.30 27.14 12.80 25.41 19.03 15.46 11.59 23.62 12.26 15.35 18.19 28.42 17.17 0.00 9.00 34.84 29.75 23.14 53.33 5.19 22.70 18.83 15.63 11.56
69.11 26.74 12.75 13.25 6.84 12.08 18.97 11.45 12.32 7.96 13.53 12.17 28.76 14.03 8.17 9.13 13.29 13.30 18.38 5.73 17.99 10.07 24.33 10.96 14.83 20.80 18.05 9.20 21.93 12.10 9.00 0.00 26.74 21.77 17.89 45.35 10.57 17.22 26.30 6.63 16.06
61.59 10.07 27.91 31.60 21.08 18.68 14.22 27.00 38.35 18.80 13.64 33.77 46.27 33.45 21.22 20.08 18.25 26.16 19.29 22.04 9.89 19.71 50.10 36.27 12.88 47.09 32.76 19.62 10.30 19.53 34.84 26.74 0.00 5.10 15.98 18.61 37.32 15.67 46.43 21.11 34.65
63.22 4.97 22.97 26.64 16.42 14.79 10.20 22.01 33.26 13.81 9.10 28.71 41.62 28.48 16.13 15.71 14.61 21.34 16.90 16.95 4.96 15.49 45.00 31.16 8.71 42.01 28.08 15.22 7.19 14.60 29.75 21.77 5.10 0.00 11.76 23.62 32.33 11.29 41.57 16.42 29.75
73.78 15.13 19.17 16.81 16.25 18.42 10.60 17.82 26.43 11.97 12.82 19.76 30.40 18.71 9.78 17.28 19.04 10.95 23.70 12.19 7.26 17.74 37.09 23.90 13.98 34.89 17.01 16.76 6.23 6.04 23.14 17.89 15.98 11.76 0.00 32.42 27.17 11.58 30.95 16.04 19.52
63.05 18.68 46.52 49.09 39.58 36.57 30.55 45.61 56.84 37.40 32.14 51.68 62.36 50.99 39.49 38.36 35.90 43.32 35.28 40.54 27.99 37.88 68.45 54.67 31.20 65.59 49.30 37.95 26.19 37.23 53.33 45.35 18.61 23.62 32.42 0.00 55.93 32.41 63.33 39.63 51.92
74.64 37.30 9.43 15.58 16.88 21.48 28.54 10.32 4.90 18.52 24.01 12.19 26.41 14.97 17.56 18.77 22.60 19.20 26.86 15.74 28.40 19.58 15.05 6.40 25.23 10.98 20.53 19.01 31.97 21.13 5.19 10.57 37.32 32.33 27.17 55.93 0.00 26.63 22.43 16.74 16.64
73.05 14.87 18.50 16.71 15.42 17.57 10.60 17.17 26.03 11.15 11.98 19.55 30.63 18.61 9.16 16.44 18.19 10.91 22.87 11.50 6.65 16.88 36.82 23.53 13.17 34.54 17.17 15.91 6.23 5.54 22.70 17.22 15.67 11.29 11.58 32.41 26.63 0.00 31.04 15.22 19.50
95.34 45.77 26.19 15.09 32.49 37.86 32.82 25.74 17.54 30.98 36.79 14.29 5.08 13.40 26.36 34.93 39.07 20.27 44.46 27.02 36.61 35.90 15.51 16.75 38.41 17.59 14.04 34.83 37.19 26.98 18.83 26.30 46.43 41.57 30.95 63.33 22.43 31.04 0.00 32.21 11.87
63.78 21.31 7.46 18.01 11.03 5.65 16.50 7.09 18.94 13.53 7.49 17.92 34.15 19.23 8.42 11.06 6.87 15.94 12.27 6.13 13.59 13.97 30.94 17.55 8.54 27.33 22.11 11.11 18.34 11.64 15.63 6.63 21.11 16.42 16.04 39.63 16.74 15.22 32.21 0.00 21.16
84.89 34.05 16.36 9.59 21.46 26.71 21.38 15.52 12.68 19.41 25.07 4.57 13.01 10.06 14.58 23.88 27.90 8.60 33.39 15.52 24.80 24.83 19.26 10.34 26.69 18.53 4.45 23.70 25.72 15.15 11.56 16.06 34.65 29.75 19.52 51.92 16.64 19.50 11.87 21.16 0.00
0	0	2200	0	0	0
1	33	113	1	0	22
2	71	151	1	0	7
3	92	172	1	0	30
4	133	213	1	0	24
5	145	225	1	0	39
6	204	284	1	0	19
7	256	336	-1	2	0
8	279	359	1	0	10
9	318	398	1	0	21
10	328	408	-1	8	0
11	364	444	1	0	12
12	395	475	-1	11	0
13	436	516	1	0	29
14	478	558	1	0	31
15	508	588	1	0	23
16	517	597	1	0	33
17	563	643	1	0	28
18	607	687	1	0	25
19	632	712	-1	6	0
20	650	730	1	0	32
21	669	749	-1	9	0
22	720	800	-1	1	0
23	741	821	-1	15	0
24	797	877	-1	4	0
25	861	941	-1	18	0
26	900	980	1	0	27
27	936	1016	-1	26	0
28	959	1039	-1	17	0
29	974	1054	-1	13	0
30	992	1072	-1	3	0
31	1003	1083	-1	14	0
32	1032	1112	-1	20	0
33	1037	1117	-1	16	0
34	1050	1130	1	0	38
35	1083	1163	1	0	36
36	1142	1222	-1	35	0
37	1171	1251	1	0	40
38	1202	1282	-1	34	0
39	1236	1316	-1	5	0
40	1257	1337	-1	37	0
C:
0 3 3 3 3 3 3 3 3 3 3 3 3 3 3 3 3 3 3 3 3 3 3 3 3 3 3 3 3 3 3 3 3 3 3 3 3 3 3 3 3 3
2 0 2 2 2 2 2 2 2 2 2 2 2 2 2 2 2 2 2 2 2 2 2 2 2 2 2 2 2 2 2 2 2 2 2 2 2 2 2 2 2 2
1 1 0 1 1 1 1 1 1 1 1 1 1 1 1 1 1 1 1 1 1 1 1 1 1 1 1 1 1 1 1 1 1 1 1 1 1 1 1 1 1 1
1 1 1 0 1 1 1 1 1 1 1 1 1 1 1 1 1 1 1 1 1 1 1 1 1 1 1 1 1 1 1 1 1 1 1 1 1 1 1 1 1 1
1 1 1 1 0 1 1 1 1 1 1 1 1 1 1 1 1 1 1 1 1 1 1 1 1 1 1 1 1 1 1 1 1 1 1 1 1 1 1 1 1 1
1 1 1 1 1 0 1 1 1 1 1 1 1 1 1 1 1 1 1 1 1 1 1 1 1 1 1 1 1 1 1 1 1 1 1 1 1 1 1 1 1 1
1 1 1 1 1 1 0 1 1 1 1 1 1 1 1 1 1 1 1 1 1 1 1 1 1 1 1 1 1 1 1 1 1 1 1 1 1 1 1 1 1 1
1 1 1 1 1 1 1 0 1 1 1 1 1 1 1 1 1 1 1 1 1 1 1 1 1 1 1 1 1 1 1 1 1 1 1 1 1 1 1 1 1 1
2 2 2 2 2 2 2 2 0 2 2 2 2 2 2 2 2 2 2 2 2 2 2 2 2 2 2 2 2 2 2 2 2 2 2 2 2 2 2 2 2 2
1 1 1 1 1 1 1 1 1 0 1 1 1 1 1 1 1 1 1 1 1 1 1 1 1 1 1 1 1 1 1 1 1 1 1 1 1 1 1 1 1 1
1 1 1 1 1 1 1 1 1 1 0 1 1 1 1 1 1 1 1 1 1 1 1 1 1 1 1 1 1 1 1 1 1 1 1 1 1 1 1 1 1 1
1 1 1 1 1 1 1 1 1 1 1 0 1 1 1 1 1 1 1 1 1 1 1 1 1 1 1 1 1 1 1 1 1 1 1 1 1 1 1 1 1 1
3 3 3 3 3 3 3 3 3 3 3 3 0 3 3 3 3 3 3 3 3 3 3 3 3 3 3 3 3 3 3 3 3 3 3 3 3 3 3 3 3 3
1 1 1 1 1 1 1 1 1 1 1 1 1 0 1 1 1 1 1 1 1 1 1 1 1 1 1 1 1 1 1 1 1 1 1 1 1 1 1 1 1 1
1 1 1 1 1 1 1 1 1 1 1 1 1 1 0 1 1 1 1 1 1 1 1 1 1 1 1 1 1 1 1 1 1 1 1 1 1 1 1 1 1 1
1 1 1 1 1 1 1 1 1 1 1 1 1 1 1 0 1 1 1 1 1 1 1 1 1 1 1 1 1 1 1 1 1 1 1 1 1 1 1 1 1 1
1 1 1 1 1 1 1 1 1 1 1 1 1 1 1 1 0 1 1 1 1 1 1 1 1 1 1 1 1 1 1 1 1 1 1 1 1 1 1 1 1 1
1 1 1 1 1 1 1 1 1 1 1 1 1 1 1 1 1 0 1 1 1 1 1 1 1 1 1 1 1 1 1 1 1 1 1 1 1 1 1 1 1 1
2 2 2 2 2 2 2 2 2 2 2 2 2 2 2 2 2 2 0 2 2 2 2 2 2 2 2 2 2 2 2 2 2 2 2 2 2 2 2 2 2 2
1 1 1 1 1 1 1 1 1 1 1 1 1 1 1 1 1 1 1 0 1 1 1 1 1 1 1 1 1 1 1 1 1 1 1 1 1 1 1 1 1 1
1 1 1 1 1 1 1 1 1 1 1 1 1 1 1 1 1 1 1 1 0 1 1 1 1 1 1 1 1 1 1 1 1 1 1 1 1 1 1 1 1 1
1 1 1 1 1 1 1 1 1 1 1 1 1 1 1 1 1 1 1 1 1 0 1 1 1 1 1 1 1 1 1 1 1 1 1 1 1 1 1 1 1 1
3 3 3 3 3 3 3 3 3 3 3 3 3 3 3 3 3 3 3 3 3 3 0 3 3 3 3 3 3 3 3 3 3 3 3 3 3 3 3 3 3 3
1 1 1 1 1 1 1 1 1 1 1 1 1 1 1 1 1 1 1 1 1 1 1 0 1 1 1 1 1 1 1 1 1 1 1 1 1 1 1 1 1 1
1 1 1 1 1 1 1 1 1 1 1 1 1 1 1 1 1 1 1 1 1 1 1 1 0 1 1 1 1 1 1 1 1 1 1 1 1 1 1 1 1 1
3 3 3 3 3 3 3 3 3 3 3 3 3 3 3 3 3 3 3 3 3 3 3 3 3 0 3 3 3 3 3 3 3 3 3 3 3 3 3 3 3 3
2 2 2 2 2 2 2 2 2 2 2 2 2 2 2 2 2 2 2 2 2 2 2 2 2 2 0 2 2 2 2 2 2 2 2 2 2 2 2 2 2 2
1 1 1 1 1 1 1 1 1 1 1 1 1 1 1 1 1 1 1 1 1 1 1 1 1 1 1 0 1 1 1 1 1 1 1 1 1 1 1 1 1 1
2 2 2 2 2 2 2 2 2 2 2 2 2 2 2 2 2 2 2 2 2 2 2 2 2 2 2 2 0 2 2 2 2 2 2 2 2 2 2 2 2 2
1 1 1 1 1 1 1 1 1 1 1 1 1 1 1 1 1 1 1 1 1 1 1 1 1 1 1 1 1 0 1 1 1 1 1 1 1 1 1 1 1 1
1 1 1 1 1 1 1 1 1 1 1 1 1 1 1 1 1 1 1 1 1 1 1 1 1 1 1 1 1 1 0 1 1 1 1 1 1 1 1 1 1 1
1 1 1 1 1 1 1 1 1 1 1 1 1 1 1 1 1 1 1 1 1 1 1 1 1 1 1 1 1 1 1 0 1 1 1 1 1 1 1 1 1 1
2 2 2 2 2 2 2 2 2 2 2 2 2 2 2 2 2 2 2 2 2 2 2 2 2 2 2 2 2 2 2 2 0 2 2 2 2 2 2 2 2 2
2 2 2 2 2 2 2 2 2 2 2 2 2 2 2 2 2 2 2 2 2 2 2 2 2 2 2 2 2 2 2 2 2 0 2 2 2 2 2 2 2 2
1 1 1 1 1 1 1 1 1 1 1 1 1 1 1 1 1 1 1 1 1 1 1 1 1 1 1 1 1 1 1 1 1 1 0 1 1 1 1 1 1 1
3 3 3 3 3 3 3 3 3 3 3 3 3 3 3 3 3 3 3 3 3 3 3 3 3 3 3 3 3 3 3 3 3 3 3 0 3 3 3 3 3 3
2 2 2 2 2 2 2 2 2 2 2 2 2 2 2 2 2 2 2 2 2 2 2 2 2 2 2 2 2 2 2 2 2 2 2 2 0 2 2 2 2 2
1 1 1 1 1 1 1 1 1 1 1 1 1 1 1 1 1 1 1 1 1 1 1 1 1 1 1 1 1 1 1 1 1 1 1 1 1 0 1 1 1 1
3 3 3 3 3 3 3 3 3 3 3 3 3 3 3 3 3 3 3 3 3 3 3 3 3 3 3 3 3 3 3 3 3 3 3 3 3 3 0 3 3 3
1 1 1 1 1 1 1 1 1 1 1 1 1 1 1 1 1 1 1 1 1 1 1 1 1 1 1 1 1 1 1 1 1 1 1 1 1 1 1 0 1 1
1 1 1 1 1 1 1 1 1 1 1 1 1 1 1 1 1 1 1 1 1 1 1 1 1 1 1 1 1 1 1 1 1 1 1 1 1 1 1 1 0 1
3 3 3 3 3 3 3 3 3 3 3 3 3 3 3 3 3 3 3 3 3 3 3 3 3 3 3 3 3 3 3 3 3 3 3 3 3 3 3 3 3 0
Time:
0	15
15	30
30	45
45	60
60	75
75	90
90	105
105	120
120	135
135	150
150	165
165	180
180	195
195	210
210	225
225	240
240	255
255	270
270	285
285	300
300	315
315	330
330	345
345	360
360	375
375	390
390	405
405	420
420	435
435	450
450	465
465	480
480	495
495	510
510	525
525	540
540	555
555	570
570	585
585	600
600	615
615	630
630	645
645	660
660	675
675	690
690	705
705	720
720	735
735	750
750	765
765	780
780	795
795	810
810	825
825	840
840	855
855	870
870	885
885	900
900	915
915	930
930	945
945	960
960	975
975	990
990	1005
1005	1020
1020	1035
1035	1050
1050	1065
1065	1080
1080	2200
Speed:
0.925	0.85	0.925	1	0.8325	0.765	0.8325	0.9	0.4625	0.425	0.4625	0.5	0.30525	0.2805	0.30525	0.33	0.37	0.34	0.37	0.4	0.555	0.51	0.555	0.6	0.6475	0.595	0.6475	0.7	0.37	0.34	0.37	0.4	0.30525	0.2805	0.30525	0.33	0.4625	0.425	0.4625	0.5	0.6475	0.595	0.6475	0.7	0.74	0.68	0.74	0.8	0.6475	0.595	0.6475	0.7	0.4625	0.425	0.4625	0.5	0.555	0.51	0.555	0.6	0.6475	0.595	0.6475	0.7	0.8325	0.765	0.8325	0.9	0.925	0.85	0.925	1	1
0.925	0.85	0.925	1	0.8325	0.765	0.8325	0.9	0.4625	0.425	0.4625	0.5	0.30525	0.2805	0.30525	0.33	0.37	0.34	0.37	0.4	0.555	0.51	0.555	0.6	0.6475	0.595	0.6475	0.7	0.37	0.34	0.37	0.4	0.30525	0.2805	0.30525	0.33	0.4625	0.425	0.4625	0.5	0.6475	0.595	0.6475	0.7	0.74	0.68	0.74	0.8	0.6475	0.595	0.6475	0.7	0.4625	0.425	0.4625	0.5	0.555	0.51	0.555	0.6	0.6475	0.595	0.6475	0.7	0.8325	0.765	0.8325	0.9	0.925	0.85	0.925	1	1
0.925	0.85	0.925	1	0.8325	0.765	0.8325	0.9	0.4625	0.425	0.4625	0.5	0.30525	0.2805	0.30525	0.33	0.37	0.34	0.37	0.4	0.555	0.51	0.555	0.6	0.6475	0.595	0.6475	0.7	0.37	0.34	0.37	0.4	0.30525	0.2805	0.30525	0.33	0.4625	0.425	0.4625	0.5	0.6475	0.595	0.6475	0.7	0.74	0.68	0.74	0.8	0.6475	0.595	0.6475	0.7	0.4625	0.425	0.4625	0.5	0.555	0.51	0.555	0.6	0.6475	0.595	0.6475	0.7	0.8325	0.765	0.8325	0.9	0.925	0.85	0.925	1	1
