41
0.00 94.73 62.96 66.41 72.72 85.04 84.23 47.46 53.60 74.62 70.14 110.00 51.91 63.04 80.58 70.08 74.38 75.10 69.65 59.10 80.39 76.27 58.44 62.25 78.76 43.23 69.09 68.29 90.03 84.76 58.51 63.89 92.70 81.69 78.45 106.14 52.29 76.15 55.57 70.74 71.92
94.73 0.00 32.06 32.50 25.24 13.36 13.73 47.74 46.25 28.00 24.69 29.65 43.56 36.03 19.04 25.65 22.13 40.91 27.01 35.85 17.10 22.09 42.84 38.29 16.28 55.52 38.46 26.65 8.96 15.77 37.11 31.34 7.42 13.66 20.68 23.88 45.04 22.21 41.63 26.19 33.75
62.96 32.06 0.00 10.01 16.92 24.93 21.50 15.68 16.85 16.78 7.42 53.42 11.53 10.48 18.75 11.87 15.78 28.24 13.62 14.63 17.80 14.62 15.85 13.08 17.09 24.21 20.67 5.41 27.15 22.58 5.47 10.24 31.40 20.10 16.79 48.29 14.03 14.51 11.06 14.54 18.83
66.41 32.50 10.01 0.00 25.02 29.40 19.39 19.81 14.05 8.49 12.41 57.97 15.39 17.24 14.73 19.96 22.78 18.24 22.23 11.83 15.59 10.70 10.34 5.83 21.14 24.12 10.82 10.94 25.33 18.98 9.81 8.84 34.09 23.74 12.64 52.45 14.14 10.57 10.85 22.91 8.90
72.72 25.24 16.92 25.02 0.00 12.86 22.52 29.13 33.61 27.96 12.86 38.36 26.30 26.80 23.82 5.13 9.58 42.17 14.52 18.96 20.95 21.95 32.74 29.56 10.43 39.55 35.61 14.08 25.48 25.37 21.94 17.37 20.86 11.96 23.07 33.84 30.24 21.93 27.70 20.99 32.38
85.04 13.36 24.93 29.40 12.86 0.00 17.04 39.69 41.34 28.51 17.97 28.72 36.10 32.32 20.99 15.00 10.66 43.13 15.48 28.18 17.88 21.58 39.11 35.01 8.28 49.11 38.33 20.01 16.93 20.24 30.40 24.71 8.01 5.77 21.45 23.42 38.94 21.63 35.83 14.44 34.08
84.23 13.73 21.50 19.39 22.52 17.04 0.00 36.78 33.41 14.27 15.12 42.18 32.34 23.02 5.32 20.11 18.80 27.67 22.40 25.35 13.70 8.70 29.62 25.04 12.31 43.21 24.74 16.54 5.97 9.57 25.73 20.45 17.63 12.30 7.02 36.40 32.85 8.83 29.41 22.11 20.04
47.46 47.74 15.68 19.81 29.13 39.69 36.78 0.00 11.75 28.30 23.06 67.37 4.52 16.98 33.25 25.04 29.48 33.90 25.59 11.89 32.94 28.94 15.51 17.33 32.38 11.10 26.16 21.09 42.59 37.38 11.06 16.50 46.71 35.40 31.14 62.60 7.53 28.82 9.50 26.73 27.20
53.60 46.25 16.85 14.05 33.61 41.34 33.41 11.75 0.00 21.43 23.37 70.03 9.83 10.41 28.76 28.66 32.63 23.06 30.17 14.81 29.57 24.74 4.87 8.86 33.17 10.45 15.90 21.34 39.36 33.00 11.68 16.76 47.07 36.08 26.68 64.75 4.58 24.61 5.94 31.17 18.33
74.62 28.00 16.78 8.49 27.96 28.51 14.27 28.30 21.43 0.00 15.43 55.86 23.87 11.60 8.95 23.45 24.89 14.71 25.98 19.56 11.30 6.93 16.92 12.57 20.95 31.83 10.48 15.02 19.68 12.67 18.08 15.44 31.30 22.78 7.49 50.14 22.35 6.87 19.20 26.34 5.82
70.14 24.69 7.42 12.41 12.86 17.97 15.12 23.06 23.37 15.43 0.00 46.67 18.96 14.75 13.70 8.06 10.38 29.34 10.57 11.16 11.84 10.42 21.33 17.51 9.85 31.49 22.79 11.72 20.36 16.85 12.73 6.90 24.06 12.82 12.19 41.39 21.13 10.35 17.92 11.00 19.54
110.00 29.65 53.42 57.97 38.36 28.72 42.18 67.37 70.03 55.86 46.67 0.00 64.19 61.00 47.27 42.38 37.99 69.84 41.83 56.40 44.58 49.13 67.82 63.66 36.99 77.39 66.17 48.69 38.50 44.83 58.88 53.32 24.60 34.24 48.39 5.79 67.44 49.21 64.43 40.69 61.65
51.91 43.56 11.53 15.39 26.30 36.10 32.34 4.52 9.83 23.87 18.96 64.19 0.00 12.74 28.74 21.84 26.20 30.36 22.74 7.94 28.48 24.43 12.47 13.44 28.52 13.26 22.47 16.94 38.18 32.88 6.60 12.23 42.86 31.54 26.63 59.26 5.28 24.31 5.69 23.85 23.09
63.04 36.03 10.48 17.24 26.80 32.32 23.02 16.98 10.41 11.60 14.75 61.00 12.74 0.00 18.36 21.67 24.94 18.62 23.74 11.06 19.20 14.33 6.90 11.48 24.04 20.53 10.70 12.98 28.97 22.61 8.28 9.63 37.37 26.77 16.28 55.56 10.75 14.21 7.64 24.54 10.39
80.58 19.04 18.75 14.73 23.82 20.99 5.32 33.25 28.76 8.95 13.70 47.27 28.74 18.36 0.00 20.39 20.24 22.61 22.90 22.42 9.27 4.31 24.74 20.17 14.63 38.82 19.42 14.55 10.88 4.25 22.22 17.53 22.67 15.60 10.63 41.51 28.64 4.44 25.22 22.87 14.72
70.08 25.65 11.87 19.96 5.13 15.00 20.11 25.04 28.66 23.45 8.06 42.38 21.84 21.67 20.39 0.00 4.45 37.37 9.40 14.21 17.82 17.90 27.64 24.43 9.47 35.08 30.62 9.05 24.08 22.62 17.03 12.27 22.64 12.01 19.32 37.56 25.46 17.86 22.78 19.06 27.56
74.38 22.13 15.78 22.78 9.58 10.66 18.80 29.48 32.63 24.89 10.38 37.99 26.20 24.94 20.24 4.45 0.00 39.33 4.94 18.46 17.31 18.62 31.25 27.72 6.75 39.42 33.09 11.96 21.83 21.67 21.12 15.96 18.47 8.57 19.60 33.12 29.64 18.61 26.82 17.31 29.60
75.10 40.91 28.24 18.24 42.17 43.13 27.67 33.90 23.06 14.71 29.34 69.84 30.36 18.62 22.61 37.37 39.33 0.00 39.82 29.61 25.48 21.60 18.51 17.05 35.66 32.41 7.97 28.43 32.02 25.17 26.90 27.08 45.26 37.44 21.75 64.06 26.45 21.56 24.67 40.33 9.81
69.65 27.01 13.62 22.23 14.52 15.48 22.40 25.59 30.17 25.98 10.57 41.83 22.74 23.74 22.90 9.40 4.94 39.82 0.00 15.45 20.27 20.46 29.47 26.47 11.16 35.99 32.96 11.42 26.10 25.00 18.48 14.18 23.37 13.38 21.86 37.23 26.72 20.43 24.24 21.57 30.01
59.10 35.85 14.63 11.83 18.96 28.18 25.35 11.89 14.81 19.56 11.16 56.40 7.94 11.06 22.42 14.21 18.46 29.61 15.45 0.00 21.62 18.21 14.92 13.22 20.59 21.00 21.75 9.22 31.01 26.34 10.76 4.92 34.93 23.61 20.42 51.40 11.28 18.10 8.88 16.50 20.69
80.39 17.10 17.80 15.59 20.95 17.88 13.70 32.94 29.57 11.30 11.84 44.58 28.48 19.20 9.27 17.82 17.31 25.48 20.27 21.62 0.00 5.00 25.88 21.31 11.50 39.33 21.72 13.05 9.85 5.01 21.89 16.70 20.00 12.44 11.39 38.85 28.96 5.12 25.51 20.15 17.11
76.27 22.09 14.62 10.70 21.95 21.58 8.70 28.94 24.74 6.93 10.42 49.13 24.43 14.33 4.31 17.90 18.62 21.60 20.46 18.21 5.00 0.00 20.92 16.34 14.11 34.66 17.04 10.86 14.64 8.50 17.92 13.36 24.66 15.86 14.42 43.45 24.41 8.75 20.98 20.63 12.58
58.44 42.84 15.85 10.34 32.74 39.11 29.62 15.51 4.87 16.92 21.33 67.82 12.47 6.90 24.74 27.64 31.25 18.51 29.47 14.92 25.88 20.92 0.00 4.58 30.84 15.24 11.10 19.43 35.52 28.92 11.61 15.38 44.27 33.61 22.72 62.40 7.99 20.80 7.00 30.38 13.48
62.25 38.29 13.08 5.83 29.56 35.01 25.04 17.33 8.86 12.57 17.51 63.66 13.44 11.48 20.17 24.43 27.72 17.05 26.47 13.22 21.31 16.34 4.58 0.00 26.73 19.28 9.09 15.76 30.94 24.36 10.17 12.31 39.90 29.42 18.14 58.19 10.36 16.22 7.85 27.29 9.99
78.76 16.28 17.09 21.14 10.43 8.28 12.31 32.38 33.17 20.95 9.85 36.99 28.52 24.04 14.63 9.47 6.75 35.66 11.16 20.59 11.50 14.11 30.84 26.73 0.00 41.28 30.36 11.92 15.08 15.34 22.50 16.72 14.35 14.05 14.49 31.61 30.97 14.14 27.78 10.56 26.30
43.23 55.52 24.21 24.12 39.55 49.11 43.21 11.10 10.45 31.83 31.49 77.39 13.26 20.53 38.82 35.08 39.42 32.41 35.99 21.00 39.33 34.66 15.24 19.28 41.28 0.00 25.91 29.42 49.18 43.07 18.78 24.59 55.55 44.29 36.71 72.39 10.48 34.54 13.90 37.10 28.72
69.09 38.46 20.67 10.82 35.61 38.33 24.74 26.16 15.90 10.48 22.79 66.17 22.47 10.70 19.42 30.62 33.09 7.97 32.96 21.75 21.72 17.04 11.10 9.09 30.36 25.91 0.00 21.57 30.02 22.96 18.96 19.58 41.67 32.56 17.94 60.48 18.82 16.96 16.81 33.59 4.73
68.29 26.65 5.41 10.94 14.08 20.01 16.54 21.09 21.34 15.02 11.72 48.69 16.94 12.98 14.55 9.05 11.96 28.43 11.42 9.22 13.05 10.86 19.43 15.76 11.92 29.42 21.57 0.00 21.99 18.00 10.66 4.82 26.14 14.90 12.83 43.43 19.06 10.77 15.86 12.02 18.63
90.03 8.96 27.15 25.33 25.48 16.93 5.97 42.59 39.36 19.68 20.36 38.50 38.18 28.97 10.88 24.08 21.83 32.02 26.10 31.01 9.85 14.64 35.52 30.94 15.08 49.18 30.02 21.99 0.00 7.06 31.58 26.16 14.74 13.84 12.81 32.71 38.81 14.76 35.37 25.59 25.29
84.76 15.77 22.58 18.98 25.37 20.24 9.57 37.38 33.00 12.67 16.85 44.83 32.88 22.61 4.25 22.62 21.67 25.17 25.00 26.34 5.01 8.50 28.92 24.36 15.34 43.07 22.96 18.00 7.06 0.00 26.33 21.42 20.42 15.49 6.38 39.04 32.88 8.63 29.47 24.80 18.23
58.51 37.11 5.47 9.81 21.94 30.40 25.73 11.06 11.68 18.08 12.73 58.88 6.60 8.28 22.22 17.03 21.12 26.90 18.48 10.76 21.89 17.92 11.61 10.17 22.50 18.78 18.96 10.66 31.58 26.33 0.00 5.84 36.78 25.51 20.13 53.76 8.57 17.80 5.76 19.50 18.40
63.89 31.34 10.24 8.84 17.37 24.71 20.45 16.50 16.76 15.44 6.90 53.32 12.23 9.63 17.53 12.27 15.96 27.08 14.18 4.92 16.70 13.36 15.38 12.31 16.72 24.59 19.58 4.82 26.16 21.42 5.84 0.00 30.96 19.71 15.55 48.12 14.26 13.25 11.12 15.04 17.59
92.70 7.42 31.40 34.09 20.86 8.01 17.63 46.71 47.07 31.30 24.06 24.60 42.86 37.37 22.67 22.64 18.47 45.26 23.37 34.93 20.00 24.66 44.27 39.90 14.35 55.55 41.67 26.14 14.74 20.42 36.78 30.96 0.00 11.32 23.81 18.85 45.17 24.75 41.90 22.37 37.10
81.69 13.66 20.10 23.74 11.96 5.77 12.30 35.40 36.08 22.78 12.82 34.24 31.54 26.77 15.60 12.01 8.57 37.44 13.38 23.61 12.44 15.86 33.61 29.42 14.05 44.29 32.56 14.90 13.84 15.49 25.51 19.71 11.32 0.00 15.85 28.79 33.96 15.91 30.74 12.61 28.33
78.45 20.68 16.79 12.64 23.07 21.45 7.02 31.14 26.68 7.49 12.19 48.39 26.63 16.28 10.63 19.32 19.60 21.75 21.86 20.42 11.39 14.42 22.72 18.14 14.49 36.71 17.94 12.83 12.81 6.38 20.13 15.55 23.81 15.85 0.00 42.66 26.51 14.36 23.09 21.93 13.31
106.14 23.88 48.29 52.45 33.84 23.42 36.40 62.60 64.75 50.14 41.39 5.79 59.26 55.56 41.51 37.56 33.12 64.06 37.23 51.40 38.85 43.45 62.40 58.19 31.61 72.39 60.48 43.43 32.71 39.04 53.76 48.12 18.85 28.79 42.66 0.00 62.32 43.53 59.24 36.09 55.94
52.29 45.04 14.03 14.14 30.24 38.94 32.85 7.53 4.58 22.35 21.13 67.44 5.28 10.75 28.64 25.46 29.64 26.45 26.72 11.28 28.96 24.41 7.99 10.36 30.97 10.48 18.82 19.06 38.81 32.88 8.57 14.26 45.17 33.96 26.51 62.32 0.00 24.28 10.51 27.78 20.35
76.15 22.21 14.51 10.57 21.93 21.63 8.83 28.82 24.61 6.87 10.35 49.21 24.31 14.21 4.44 17.86 18.61 21.56 20.43 18.10 5.12 8.75 20.80 16.22 14.14 34.54 16.96 10.77 14.76 8.63 17.80 13.25 24.75 15.91 14.36 43.53 24.28 0.00 20.85 20.60 12.51
55.57 41.63 11.06 10.85 27.70 35.83 29.41 9.50 5.94 19.20 17.92 64.43 5.69 7.64 25.22 22.78 26.82 24.67 24.24 8.88 25.51 20.98 7.00 7.85 27.78 13.90 16.81 15.86 35.37 29.47 5.76 11.12 41.90 30.74 23.09 59.24 10.51 20.85 0.00 25.25 17.71
70.74 26.19 14.54 22.91 20.99 14.44 22.11 26.73 31.17 26.34 11.00 40.69 23.85 24.54 22.87 19.06 17.31 40.33 21.57 16.50 20.15 20.63 30.38 27.29 10.56 37.10 33.59 12.02 25.59 24.80 19.50 15.04 22.37 12.61 21.93 36.09 27.78 20.60 25.25 0.00 30.52
71.92 33.75 18.83 8.90 32.38 34.08 20.04 27.20 18.33 5.82 19.54 61.65 23.09 10.39 14.72 27.56 29.60 9.81 30.01 20.69 17.11 12.58 13.48 9.99 26.30 28.72 4.73 18.63 25.29 18.23 18.40 17.59 37.10 28.33 13.31 55.94 20.35 12.51 17.71 30.52 0.00
0	0	2200	0	0	0
1	74	154	1	0	33
2	141	221	1	0	31
3	175	255	1	0	6
4	247	327	1	0	19
5	277	357	1	0	17
6	312	392	-1	3	0
7	370	450	1	0	27
8	392	472	1	0	38
9	452	532	1	0	10
10	502	582	-1	9	0
11	592	672	1	0	26
12	681	761	1	0	30
13	704	784	1	0	28
14	732	812	1	0	23
15	773	853	1	0	32
16	783	863	1	0	35
17	863	943	-1	5	0
18	929	1009	1	0	24
19	951	1031	-1	4	0
20	976	1056	1	0	36
21	982	1062	1	0	37
22	1005	1085	1	0	29
23	1011	1091	-1	14	0
24	1039	1119	-1	18	0
25	1080	1160	1	0	34
26	1107	1187	-1	11	0
27	1131	1211	-1	7	0
28	1153	1233	-1	13	0
29	1161	1241	-1	22	0
30	1187	1267	-1	12	0
31	1193	1273	-1	2	0
32	1224	1304	-1	15	0
33	1236	1316	-1	1	0
34	1254	1334	-1	25	0
35	1296	1376	-1	16	0
36	1362	1442	-1	20	0
37	1389	1469	-1	21	0
38	1410	1490	-1	8	0
39	1438	1518	1	0	40
40	1472	1552	-1	39	0
C:
0 3 3 3 3 3 3 3 3 3 3 3 3 3 3 3 3 3 3 3 3 3 3 3 3 3 3 3 3 3 3 3 3 3 3 3 3 3 3 3 3 3
3 0 3 3 3 3 3 3 3 3 3 3 3 3 3 3 3 3 3 3 3 3 3 3 3 3 3 3 3 3 3 3 3 3 3 3 3 3 3 3 3 3
1 1 0 1 1 1 1 1 1 1 1 1 1 1 1 1 1 1 1 1 1 1 1 1 1 1 1 1 1 1 1 1 1 1 1 1 1 1 1 1 1 1
1 1 1 0 1 1 1 1 1 1 1 1 1 1 1 1 1 1 1 1 1 1 1 1 1 1 1 1 1 1 1 1 1 1 1 1 1 1 1 1 1 1
2 2 2 2 0 2 2 2 2 2 2 2 2 2 2 2 2 2 2 2 2 2 2 2 2 2 2 2 2 2 2 2 2 2 2 2 2 2 2 2 2 2
2 2 2 2 2 0 2 2 2 2 2 2 2 2 2 2 2 2 2 2 2 2 2 2 2 2 2 2 2 2 2 2 2 2 2 2 2 2 2 2 2 2
1 1 1 1 1 1 0 1 1 1 1 1 1 1 1 1 1 1 1 1 1 1 1 1 1 1 1 1 1 1 1 1 1 1 1 1 1 1 1 1 1 1
2 2 2 2 2 2 2 0 2 2 2 2 2 2 2 2 2 2 2 2 2 2 2 2 2 2 2 2 2 2 2 2 2 2 2 2 2 2 2 2 2 2
2 2 2 2 2 2 2 2 0 2 2 2 2 2 2 2 2 2 2 2 2 2 2 2 2 2 2 2 2 2 2 2 2 2 2 2 2 2 2 2 2 2
1 1 1 1 1 1 1 1 1 0 1 1 1 1 1 1 1 1 1 1 1 1 1 1 1 1 1 1 1 1 1 1 1 1 1 1 1 1 1 1 1 1
1 1 1 1 1 1 1 1 1 1 0 1 1 1 1 1 1 1 1 1 1 1 1 1 1 1 1 1 1 1 1 1 1 1 1 1 1 1 1 1 1 1
3 3 3 3 3 3 3 3 3 3 3 0 3 3 3 3 3 3 3 3 3 3 3 3 3 3 3 3 3 3 3 3 3 3 3 3 3 3 3 3 3 3
2 2 2 2 2 2 2 2 2 2 2 2 0 2 2 2 2 2 2 2 2 2 2 2 2 2 2 2 2 2 2 2 2 2 2 2 2 2 2 2 2 2
1 1 1 1 1 1 1 1 1 1 1 1 1 0 1 1 1 1 1 1 1 1 1 1 1 1 1 1 1 1 1 1 1 1 1 1 1 1 1 1 1 1
1 1 1 1 1 1 1 1 1 1 1 1 1 1 0 1 1 1 1 1 1 1 1 1 1 1 1 1 1 1 1 1 1 1 1 1 1 1 1 1 1 1
1 1 1 1 1 1 1 1 1 1 1 1 1 1 1 0 1 1 1 1 1 1 1 1 1 1 1 1 1 1 1 1 1 1 1 1 1 1 1 1 1 1
2 2 2 2 2 2 2 2 2 2 2 2 2 2 2 2 0 2 2 2 2 2 2 2 2 2 2 2 2 2 2 2 2 2 2 2 2 2 2 2 2 2
2 2 2 2 2 2 2 2 2 2 2 2 2 2 2 2 2 0 2 2 2 2 2 2 2 2 2 2 2 2 2 2 2 2 2 2 2 2 2 2 2 2
2 2 2 2 2 2 2 2 2 2 2 2 2 2 2 2 2 2 0 2 2 2 2 2 2 2 2 2 2 2 2 2 2 2 2 2 2 2 2 2 2 2
1 1 1 1 1 1 1 1 1 1 1 1 1 1 1 1 1 1 1 0 1 1 1 1 1 1 1 1 1 1 1 1 1 1 1 1 1 1 1 1 1 1
1 1 1 1 1 1 1 1 1 1 1 1 1 1 1 1 1 1 1 1 0 1 1 1 1 1 1 1 1 1 1 1 1 1 1 1 1 1 1 1 1 1
1 1 1 1 1 1 1 1 1 1 1 1 1 1 1 1 1 1 1 1 1 0 1 1 1 1 1 1 1 1 1 1 1 1 1 1 1 1 1 1 1 1
2 2 2 2 2 2 2 2 2 2 2 2 2 2 2 2 2 2 2 2 2 2 0 2 2 2 2 2 2 2 2 2 2 2 2 2 2 2 2 2 2 2
1 1 1 1 1 1 1 1 1 1 1 1 1 1 1 1 1 1 1 1 1 1 1 0 1 1 1 1 1 1 1 1 1 1 1 1 1 1 1 1 1 1
1 1 1 1 1 1 1 1 1 1 1 1 1 1 1 1 1 1 1 1 1 1 1 1 0 1 1 1 1 1 1 1 1 1 1 1 1 1 1 1 1 1
3 3 3 3 3 3 3 3 3 3 3 3 3 3 3 3 3 3 3 3 3 3 3 3 3 0 3 3 3 3 3 3 3 3 3 3 3 3 3 3 3 3
2 2 2 2 2 2 2 2 2 2 2 2 2 2 2 2 2 2 2 2 2 2 2 2 2 2 0 2 2 2 2 2 2 2 2 2 2 2 2 2 2 2
1 1 1 1 1 1 1 1 1 1 1 1 1 1 1 1 1 1 1 1 1 1 1 1 1 1 1 0 1 1 1 1 1 1 1 1 1 1 1 1 1 1
2 2 2 2 2 2 2 2 2 2 2 2 2 2 2 2 2 2 2 2 2 2 2 2 2 2 2 2 0 2 2 2 2 2 2 2 2 2 2 2 2 2
1 1 1 1 1 1 1 1 1 1 1 1 1 1 1 1 1 1 1 1 1 1 1 1 1 1 1 1 1 0 1 1 1 1 1 1 1 1 1 1 1 1
1 1 1 1 1 1 1 1 1 1 1 1 1 1 1 1 1 1 1 1 1 1 1 1 1 1 1 1 1 1 0 1 1 1 1 1 1 1 1 1 1 1
1 1 1 1 1 1 1 1 1 1 1 1 1 1 1 1 1 1 1 1 1 1 1 1 1 1 1 1 1 1 1 0 1 1 1 1 1 1 1 1 1 1
3 3 3 3 3 3 3 3 3 3 3 3 3 3 3 3 3 3 3 3 3 3 3 3 3 3 3 3 3 3 3 3 0 3 3 3 3 3 3 3 3 3
2 2 2 2 2 2 2 2 2 2 2 2 2 2 2 2 2 2 2 2 2 2 2 2 2 2 2 2 2 2 2 2 2 0 2 2 2 2 2 2 2 2
1 1 1 1 1 1 1 1 1 1 1 1 1 1 1 1 1 1 1 1 1 1 1 1 1 1 1 1 1 1 1 1 1 1 0 1 1 1 1 1 1 1
3 3 3 3 3 3 3 3 3 3 3 3 3 3 3 3 3 3 3 3 3 3 3 3 3 3 3 3 3 3 3 3 3 3 3 0 3 3 3 3 3 3
2 2 2 2 2 2 2 2 2 2 2 2 2 2 2 2 2 2 2 2 2 2 2 2 2 2 2 2 2 2 2 2 2 2 2 2 0 2 2 2 2 2
1 1 1 1 1 1 1 1 1 1 1 1 1 1 1 1 1 1 1 1 1 1 1 1 1 1 1 1 1 1 1 1 1 1 1 1 1 0 1 1 1 1
2 2 2 2 2 2 2 2 2 2 2 2 2 2 2 2 2 2 2 2 2 2 2 2 2 2 2 2 2 2 2 2 2 2 2 2 2 2 0 2 2 2
2 2 2 2 2 2 2 2 2 2 2 2 2 2 2 2 2 2 2 2 2 2 2 2 2 2 2 2 2 2 2 2 2 2 2 2 2 2 2 0 2 2
1 1 1 1 1 1 1 1 1 1 1 1 1 1 1 1 1 1 1 1 1 1 1 1 1 1 1 1 1 1 1 1 1 1 1 1 1 1 1 1 0 1
3 3 3 3 3 3 3 3 3 3 3 3 3 3 3 3 3 3 3 3 3 3 3 3 3 3 3 3 3 3 3 3 3 3 3 3 3 3 3 3 3 0
Time:
0	15
15	30
30	45
45	60
60	75
75	90
90	105
105	120
120	135
135	150
150	165
165	180
180	195
195	210
210	225
225	240
240	255
255	270
270	285
285	300
300	315
315	330
330	345
345	360
360	375
375	390
390	405
405	420
420	435
435	450
450	465
465	480
480	495
495	510
510	525
525	540
540	555
555	570
570	585
585	600
600	615
615	630
630	645
645	660
660	675
675	690
690	705
705	720
720	735
735	750
750	765
765	780
780	795
795	810
810	825
825	840
840	855
855	870
870	885
885	900
900	915
915	930
930	945
945	960
960	975
975	990
990	1005
1005	1020
1020	1035
1035	1050
1050	1065
1065	1080
1080	2200
Speed:
0.925	0.85	0.925	1	0.8325	0.765	0.8325	0.9	0.4625	0.425	0.4625	0.5	0.30525	0.2805	0.30525	0.33	0.37	0.34	0.37	0.4	0.555	0.51	0.555	0.6	0.6475	0.595	0.6475	0.7	0.37	0.34	0.37	0.4	0.30525	0.2805	0.30525	0.33	0.4625	0.425	0.4625	0.5	0.6475	0.595	0.6475	0.7	0.74	0.68	0.74	0.8	0.6475	0.595	0.6475	0.7	0.4625	0.425	0.4625	0.5	0.555	0.51	0.555	0.6	0.6475	0.595	0.6475	0.7	0.8325	0.765	0.8325	0.9	0.925	0.85	0.925	1	1
0.925	0.85	0.925	1	0.8325	0.765	0.8325	0.9	0.4625	0.425	0.4625	0.5	0.30525	0.2805	0.30525	0.33	0.37	0.34	0.37	0.4	0.555	0.51	0.555	0.6	0.6475	0.595	0.6475	0.7	0.37	0.34	0.37	0.4	0.30525	0.2805	0.30525	0.33	0.4625	0.425	0.4625	0.5	0.6475	0.595	0.6475	0.7	0.74	0.68	0.74	0.8	0.6475	0.595	0.6475	0.7	0.4625	0.425	0.4625	0.5	0.555	0.51	0.555	0.6	0.6475	0.595	0.6475	0.7	0.8325	0.765	0.8325	0.9	0.925	0.85	0.925	1	1
0.925	0.85	0.925	1	0.8325	0.765	0.8325	0.9	0.4625	0.425	0.4625	0.5	0.30525	0.2805	0.30525	0.33	0.37	0.34	0.37	0.4	0.555	0.51	0.555	0.6	0.6475	0.595	0.6475	0.7	0.37	0.34	0.37	0.4	0.30525	0.2805	0.30525	0.33	0.4625	0.425	0.4625	0.5	0.6475	0.595	0.6475	0.7	0.74	0.68	0.74	0.8	0.6475	0.595	0.6475	0.7	0.4625	0.425	0.4625	0.5	0.555	0.51	0.555	0.6	0.6475	0.595	0.6475	0.7	0.8325	0.765	0.8325	0.9	0.925	0.85	0.925	1	1
