31
0.00 95.09 62.27 60.61 72.34 77.86 59.49 73.43 56.74 76.57 66.63 70.71 72.50 69.18 66.05 87.91 71.94 62.84 70.35 70.43 88.04 70.21 69.54 87.55 76.49 52.02 78.45 79.88 72.83 67.05 57.23
95.09 0.00 33.55 36.16 26.25 19.01 37.31 22.23 48.55 20.80 29.21 24.73 28.94 26.31 29.82 8.23 26.38 33.03 26.56 31.74 9.80 29.20 25.55 7.94 21.52 45.96 18.90 17.69 22.90 28.85 40.74
62.27 33.55 0.00 11.53 11.04 20.16 4.52 11.35 19.60 14.36 4.39 8.84 13.35 7.26 12.19 25.87 10.54 9.02 8.28 13.06 28.51 10.19 9.18 26.72 14.44 12.91 16.21 17.63 10.70 4.79 8.47
60.61 36.16 11.53 0.00 11.77 23.69 14.24 13.98 15.95 16.11 7.14 11.79 12.88 10.25 6.57 28.25 11.35 11.68 9.88 11.84 31.70 10.01 12.66 29.66 15.92 9.82 18.06 19.47 13.30 7.44 4.93
72.34 26.25 11.04 11.77 0.00 19.62 12.86 7.22 22.34 5.49 7.72 7.85 4.37 7.84 8.05 18.03 9.12 10.49 10.92 6.47 24.27 12.42 11.18 21.16 4.75 20.77 7.35 8.60 6.81 7.34 15.40
77.86 19.01 20.16 23.69 19.62 0.00 24.66 12.41 39.17 15.81 16.95 12.85 23.93 14.01 17.42 15.17 19.32 19.85 17.33 26.01 10.30 22.05 11.04 11.13 17.03 32.92 15.40 15.64 12.89 16.82 28.61
59.49 37.31 4.52 14.24 12.86 24.66 0.00 15.12 15.26 17.26 8.26 12.90 13.77 11.35 7.67 29.41 12.45 4.82 11.04 12.56 32.79 10.99 13.65 30.79 17.06 8.68 19.21 20.62 14.45 8.57 12.99
73.43 22.23 11.35 13.98 7.22 12.41 15.12 0.00 27.90 4.94 6.99 9.95 11.58 4.26 7.59 14.54 6.92 10.82 5.18 13.60 18.17 9.68 5.51 15.75 5.88 23.80 6.03 7.26 9.75 6.62 18.71
56.74 48.55 19.60 15.95 22.34 39.17 15.26 27.90 0.00 27.82 22.23 26.51 19.90 25.20 21.77 40.32 22.26 19.75 22.78 17.14 46.05 19.37 28.21 43.31 27.04 10.84 29.68 30.86 27.25 22.36 11.59
76.57 20.80 14.36 16.11 5.49 15.81 17.26 4.94 27.82 0.00 10.13 7.35 8.97 8.38 10.67 12.60 5.58 13.79 6.24 11.58 19.04 8.47 10.43 15.75 10.24 25.64 10.97 12.20 5.11 9.70 20.30
66.63 29.21 4.39 7.14 7.72 16.95 8.26 6.99 22.23 10.13 0.00 4.65 11.07 8.86 9.26 21.48 7.18 12.12 4.42 11.69 24.56 7.97 6.04 22.54 10.34 16.93 11.92 13.33 6.33 9.01 12.03
70.71 24.73 8.84 11.79 7.85 12.85 12.90 9.95 26.51 7.35 4.65 0.00 12.12 9.20 5.23 17.21 7.40 8.35 4.77 13.68 19.94 9.63 10.35 17.91 8.05 21.57 8.70 9.99 9.34 4.36 16.66
72.50 28.94 13.35 12.88 4.37 23.93 13.77 11.58 19.90 8.97 11.07 12.12 0.00 11.91 11.23 20.75 4.75 12.87 7.48 10.84 28.01 12.34 15.39 24.64 7.88 20.49 10.49 11.43 11.18 10.77 15.29
69.18 26.31 7.26 10.25 7.84 14.01 11.35 4.26 25.20 8.38 8.86 9.20 11.91 0.00 9.28 18.75 7.34 6.76 4.44 13.17 21.45 9.15 9.77 19.49 8.92 20.01 9.91 11.25 9.01 10.88 15.14
66.05 29.82 12.19 6.57 8.05 17.42 7.67 7.59 21.77 10.67 9.26 5.23 11.23 9.28 0.00 22.09 7.51 12.49 4.84 11.70 25.14 8.08 6.46 23.14 10.85 16.34 12.48 13.89 6.93 9.60 11.46
87.91 8.23 25.87 28.25 18.03 15.17 29.41 14.54 40.32 12.60 21.48 17.21 20.75 18.75 22.09 0.00 18.16 25.33 18.50 23.54 10.42 20.97 18.61 6.25 13.29 37.99 10.68 9.46 15.17 21.10 32.72
71.94 26.38 10.54 11.35 9.12 19.32 12.45 6.92 22.26 5.58 7.18 7.40 4.75 7.34 7.51 18.16 0.00 9.98 11.04 6.70 24.19 12.61 10.71 21.15 4.94 20.45 7.49 8.77 6.47 6.80 15.07
62.84 33.03 9.02 11.68 10.49 19.85 4.82 10.82 19.75 13.79 12.12 8.35 12.87 6.76 12.49 25.33 9.98 0.00 7.70 12.66 28.08 9.70 8.83 26.25 13.86 13.32 15.64 17.06 10.17 4.24 8.76
70.35 26.56 8.28 9.88 10.92 17.33 11.04 5.18 22.78 6.24 4.42 4.77 7.48 4.44 4.84 18.50 11.04 7.70 0.00 8.91 23.27 4.86 7.92 20.62 6.18 19.50 8.18 9.59 4.57 9.13 14.22
70.43 31.74 13.06 11.84 6.47 26.01 12.56 13.60 17.14 11.58 11.69 13.68 10.84 13.17 11.70 23.54 6.70 12.66 8.91 0.00 30.60 13.78 16.74 27.31 10.55 18.43 13.19 14.18 13.12 11.47 13.44
88.04 9.80 28.51 31.70 24.27 10.30 32.79 18.17 46.05 19.04 24.56 19.94 28.01 21.45 25.14 10.42 24.19 28.08 23.27 30.60 0.00 27.18 19.52 4.18 20.14 41.40 17.63 17.00 18.83 24.30 36.59
70.21 29.20 10.19 10.01 12.42 22.05 10.99 9.68 19.37 8.47 7.97 9.63 12.34 9.15 8.08 20.97 12.61 9.70 4.86 13.78 27.18 0.00 12.71 24.12 7.68 18.36 10.31 11.52 9.16 7.69 13.02
69.54 25.55 9.18 12.66 11.18 11.04 13.65 5.51 28.21 10.43 6.04 10.35 15.39 9.77 6.46 18.61 10.71 8.83 7.92 16.74 19.52 12.71 0.00 18.18 11.27 22.05 11.51 12.67 5.34 5.99 17.58
87.55 7.94 26.72 29.66 21.16 11.13 30.79 15.75 43.31 15.75 22.54 17.91 24.64 19.49 23.14 6.25 21.15 26.25 20.62 27.31 4.18 24.12 18.18 0.00 16.76 39.47 14.15 13.35 16.43 22.23 34.45
76.49 21.52 14.44 15.92 4.75 17.03 17.06 5.88 27.04 10.24 10.34 8.05 7.88 8.92 10.85 13.29 4.94 13.86 6.18 10.55 20.14 7.68 11.27 16.76 0.00 25.29 11.90 13.14 5.93 9.91 19.93
52.02 45.96 12.91 9.82 20.77 32.92 8.68 23.80 10.84 25.64 16.93 21.57 20.49 20.01 16.34 37.99 20.45 13.32 19.50 18.43 41.40 18.36 22.05 39.47 25.29 0.00 27.61 28.99 23.12 17.24 5.37
78.45 18.90 16.21 18.06 7.35 15.40 19.21 6.03 29.68 10.97 11.92 8.70 10.49 9.91 12.48 10.68 7.49 15.64 8.18 13.19 17.63 10.31 11.51 14.15 11.90 27.61 0.00 13.29 6.37 11.49 22.27
79.88 17.69 17.63 19.47 8.60 15.64 20.62 7.26 30.86 12.20 13.33 9.99 11.43 11.25 13.89 9.46 8.77 17.06 9.59 14.18 17.00 11.52 12.67 13.35 13.14 28.99 13.29 0.00 7.66 12.90 23.65
72.83 22.90 10.70 13.30 6.81 12.89 14.45 9.75 27.25 5.11 6.33 9.34 11.18 9.01 6.93 15.17 6.47 10.17 4.57 13.12 18.83 9.16 5.34 16.43 5.93 23.12 6.37 7.66 0.00 5.96 18.03
67.05 28.85 4.79 7.44 7.34 16.82 8.57 6.62 22.36 9.70 9.01 4.36 10.77 10.88 9.60 21.10 6.80 4.24 9.13 11.47 24.30 7.69 5.99 22.23 9.91 17.24 11.49 12.90 5.96 0.00 12.29
57.23 40.74 8.47 4.93 15.40 28.61 12.99 18.71 11.59 20.30 12.03 16.66 15.29 15.14 11.46 32.72 15.07 8.76 14.22 13.44 36.59 13.02 17.58 34.45 19.93 5.37 22.27 23.65 18.03 12.29 0.00
0	0	1700	0	0	0
1	71	151	1	0	26
2	137	217	1	0	19
3	173	253	1	0	5
4	209	289	1	0	27
5	261	341	-1	3	0
6	307	387	1	0	30
7	331	411	1	0	11
8	375	455	1	0	12
9	446	526	1	0	17
10	480	560	1	0	13
11	495	575	-1	7	0
12	523	603	-1	8	0
13	549	629	-1	10	0
14	566	646	1	0	22
15	601	681	1	0	24
16	627	707	1	0	18
17	641	721	-1	9	0
18	652	732	-1	16	0
19	664	744	-1	2	0
20	709	789	1	0	28
21	754	834	1	0	29
22	783	863	-1	14	0
23	817	897	1	0	25
24	848	928	-1	15	0
25	890	970	-1	23	0
26	929	1009	-1	1	0
27	945	1025	-1	4	0
28	955	1035	-1	20	0
29	962	1042	-1	21	0
30	976	1056	-1	6	0
C:
0 3 3 3 3 3 3 3 3 3 3 3 3 3 3 3 3 3 3 3 3 3 3 3 3 3 3 3 3 3 3 3
3 0 3 3 3 3 3 3 3 3 3 3 3 3 3 3 3 3 3 3 3 3 3 3 3 3 3 3 3 3 3 3
1 1 0 1 1 1 1 1 1 1 1 1 1 1 1 1 1 1 1 1 1 1 1 1 1 1 1 1 1 1 1 1
1 1 1 0 1 1 1 1 1 1 1 1 1 1 1 1 1 1 1 1 1 1 1 1 1 1 1 1 1 1 1 1
1 1 1 1 0 1 1 1 1 1 1 1 1 1 1 1 1 1 1 1 1 1 1 1 1 1 1 1 1 1 1 1
2 2 2 2 2 0 2 2 2 2 2 2 2 2 2 2 2 2 2 2 2 2 2 2 2 2 2 2 2 2 2 2
1 1 1 1 1 1 0 1 1 1 1 1 1 1 1 1 1 1 1 1 1 1 1 1 1 1 1 1 1 1 1 1
1 1 1 1 1 1 1 0 1 1 1 1 1 1 1 1 1 1 1 1 1 1 1 1 1 1 1 1 1 1 1 1
2 2 2 2 2 2 2 2 0 2 2 2 2 2 2 2 2 2 2 2 2 2 2 2 2 2 2 2 2 2 2 2
1 1 1 1 1 1 1 1 1 0 1 1 1 1 1 1 1 1 1 1 1 1 1 1 1 1 1 1 1 1 1 1
1 1 1 1 1 1 1 1 1 1 0 1 1 1 1 1 1 1 1 1 1 1 1 1 1 1 1 1 1 1 1 1
1 1 1 1 1 1 1 1 1 1 1 0 1 1 1 1 1 1 1 1 1 1 1 1 1 1 1 1 1 1 1 1
1 1 1 1 1 1 1 1 1 1 1 1 0 1 1 1 1 1 1 1 1 1 1 1 1 1 1 1 1 1 1 1
1 1 1 1 1 1 1 1 1 1 1 1 1 0 1 1 1 1 1 1 1 1 1 1 1 1 1 1 1 1 1 1
1 1 1 1 1 1 1 1 1 1 1 1 1 1 0 1 1 1 1 1 1 1 1 1 1 1 1 1 1 1 1 1
2 2 2 2 2 2 2 2 2 2 2 2 2 2 2 0 2 2 2 2 2 2 2 2 2 2 2 2 2 2 2 2
1 1 1 1 1 1 1 1 1 1 1 1 1 1 1 1 0 1 1 1 1 1 1 1 1 1 1 1 1 1 1 1
1 1 1 1 1 1 1 1 1 1 1 1 1 1 1 1 1 0 1 1 1 1 1 1 1 1 1 1 1 1 1 1
1 1 1 1 1 1 1 1 1 1 1 1 1 1 1 1 1 1 0 1 1 1 1 1 1 1 1 1 1 1 1 1
1 1 1 1 1 1 1 1 1 1 1 1 1 1 1 1 1 1 1 0 1 1 1 1 1 1 1 1 1 1 1 1
2 2 2 2 2 2 2 2 2 2 2 2 2 2 2 2 2 2 2 2 0 2 2 2 2 2 2 2 2 2 2 2
1 1 1 1 1 1 1 1 1 1 1 1 1 1 1 1 1 1 1 1 1 0 1 1 1 1 1 1 1 1 1 1
1 1 1 1 1 1 1 1 1 1 1 1 1 1 1 1 1 1 1 1 1 1 0 1 1 1 1 1 1 1 1 1
2 2 2 2 2 2 2 2 2 2 2 2 2 2 2 2 2 2 2 2 2 2 2 0 2 2 2 2 2 2 2 2
1 1 1 1 1 1 1 1 1 1 1 1 1 1 1 1 1 1 1 1 1 1 1 1 0 1 1 1 1 1 1 1
2 2 2 2 2 2 2 2 2 2 2 2 2 2 2 2 2 2 2 2 2 2 2 2 2 0 2 2 2 2 2 2
1 1 1 1 1 1 1 1 1 1 1 1 1 1 1 1 1 1 1 1 1 1 1 1 1 1 0 1 1 1 1 1
1 1 1 1 1 1 1 1 1 1 1 1 1 1 1 1 1 1 1 1 1 1 1 1 1 1 1 0 1 1 1 1
1 1 1 1 1 1 1 1 1 1 1 1 1 1 1 1 1 1 1 1 1 1 1 1 1 1 1 1 0 1 1 1
1 1 1 1 1 1 1 1 1 1 1 1 1 1 1 1 1 1 1 1 1 1 1 1 1 1 1 1 1 0 1 1
1 1 1 1 1 1 1 1 1 1 1 1 1 1 1 1 1 1 1 1 1 1 1 1 1 1 1 1 1 1 0 1
3 3 3 3 3 3 3 3 3 3 3 3 3 3 3 3 3 3 3 3 3 3 3 3 3 3 3 3 3 3 3 0
Time:
0	15
15	30
30	45
45	60
60	75
75	90
90	105
105	120
120	135
135	150
150	165
165	180
180	195
195	210
210	225
225	240
240	255
255	270
270	285
285	300
300	315
315	330
330	345
345	360
360	375
375	390
390	405
405	420
420	435
435	450
450	465
465	480
480	495
495	510
510	525
525	540
540	555
555	570
570	585
585	600
600	615
615	630
630	645
645	660
660	675
675	690
690	705
705	720
720	735
735	750
750	765
765	780
780	795
795	810
810	825
825	840
840	855
855	870
870	885
885	900
900	915
915	930
930	945
945	960
960	975
975	990
990	1005
1005	1020
1020	1035
1035	1050
1050	1065
1065	1080
1080	2000
Speed:
0.925	0.85	0.925	1	0.8325	0.765	0.8325	0.9	0.4625	0.425	0.4625	0.5	0.30525	0.2805	0.30525	0.33	0.37	0.34	0.37	0.4	0.555	0.51	0.555	0.6	0.6475	0.595	0.6475	0.7	0.37	0.34	0.37	0.4	0.30525	0.2805	0.30525	0.33	0.4625	0.425	0.4625	0.5	0.6475	0.595	0.6475	0.7	0.74	0.68	0.74	0.8	0.6475	0.595	0.6475	0.7	0.4625	0.425	0.4625	0.5	0.555	0.51	0.555	0.6	0.6475	0.595	0.6475	0.7	0.8325	0.765	0.8325	0.9	0.925	0.85	0.925	1	1
0.925	0.85	0.925	1	0.8325	0.765	0.8325	0.9	0.4625	0.425	0.4625	0.5	0.30525	0.2805	0.30525	0.33	0.37	0.34	0.37	0.4	0.555	0.51	0.555	0.6	0.6475	0.595	0.6475	0.7	0.37	0.34	0.37	0.4	0.30525	0.2805	0.30525	0.33	0.4625	0.425	0.4625	0.5	0.6475	0.595	0.6475	0.7	0.74	0.68	0.74	0.8	0.6475	0.595	0.6475	0.7	0.4625	0.425	0.4625	0.5	0.555	0.51	0.555	0.6	0.6475	0.595	0.6475	0.7	0.8325	0.765	0.8325	0.9	0.925	0.85	0.925	1	1
0.925	0.85	0.925	1	0.8325	0.765	0.8325	0.9	0.4625	0.425	0.4625	0.5	0.30525	0.2805	0.30525	0.33	0.37	0.34	0.37	0.4	0.555	0.51	0.555	0.6	0.6475	0.595	0.6475	0.7	0.37	0.34	0.37	0.4	0.30525	0.2805	0.30525	0.33	0.4625	0.425	0.4625	0.5	0.6475	0.595	0.6475	0.7	0.74	0.68	0.74	0.8	0.6475	0.595	0.6475	0.7	0.4625	0.425	0.4625	0.5	0.555	0.51	0.555	0.6	0.6475	0.595	0.6475	0.7	0.8325	0.765	0.8325	0.9	0.925	0.85	0.925	1	1
