31
0.00 54.65 83.17 57.35 69.31 64.00 66.16 74.89 82.08 71.46 57.57 88.82 57.69 90.88 72.57 80.80 60.91 87.99 61.81 54.17 60.49 91.05 72.58 83.90 64.21 88.98 83.15 72.62 53.36 49.82 65.61
54.65 0.00 28.52 11.61 14.82 16.10 12.77 25.80 31.05 16.81 5.14 34.21 10.23 44.73 18.03 29.58 6.66 38.86 18.36 11.23 6.41 36.52 21.15 29.25 9.95 35.06 28.98 23.49 13.93 10.35 14.75
83.17 28.52 0.00 25.91 14.05 25.31 18.48 21.04 17.57 11.74 26.20 5.90 25.49 32.84 10.98 16.81 22.40 24.69 30.10 29.01 22.87 8.50 17.75 11.30 19.21 10.15 6.06 21.78 34.54 35.31 21.59
57.35 11.61 25.91 0.00 11.96 17.01 11.87 22.43 27.65 14.37 6.47 31.48 11.56 41.37 15.85 26.19 14.05 35.46 20.00 12.56 14.22 33.70 20.60 26.68 6.88 31.97 25.95 23.50 16.72 13.62 14.88
69.31 14.82 14.05 11.96 0.00 17.89 9.19 16.48 18.76 13.23 13.66 19.53 11.71 34.39 5.76 17.31 8.41 27.20 22.59 15.19 8.85 21.75 15.47 14.85 5.16 20.36 14.21 19.79 23.86 23.08 13.99
64.00 16.10 25.31 17.01 17.89 0.00 8.71 34.22 36.42 16.42 10.97 30.99 15.57 52.26 15.52 35.02 16.58 44.88 4.91 17.05 17.01 33.68 9.07 25.64 17.19 34.88 29.02 8.71 10.85 14.42 13.54
66.16 12.77 18.48 11.87 9.19 8.71 0.00 25.57 27.77 7.99 8.65 24.38 10.67 43.55 7.66 26.35 9.87 36.23 13.46 13.60 10.42 26.98 8.77 19.01 9.27 27.25 21.17 12.14 16.12 17.02 4.83
74.89 25.80 21.04 22.43 16.48 34.22 25.57 0.00 7.64 19.00 27.48 23.07 23.23 18.96 20.90 6.77 19.96 13.46 38.75 25.58 19.91 23.63 31.49 21.85 17.71 18.61 15.93 35.96 38.40 36.01 30.40
82.08 31.05 17.57 27.65 18.76 36.42 27.77 7.64 0.00 20.08 31.69 17.77 28.16 16.13 21.44 14.41 24.63 8.47 41.23 31.00 24.73 17.65 31.83 18.19 21.75 12.06 11.58 36.33 42.37 40.81 32.42
71.46 16.81 11.74 14.37 13.23 16.42 7.99 19.00 20.08 0.00 14.60 17.53 13.82 36.09 15.65 18.72 10.96 28.54 21.29 17.34 11.48 19.96 12.50 12.45 8.07 19.50 13.34 16.95 23.85 23.90 12.40
57.57 5.14 26.20 6.47 13.66 10.97 8.65 27.48 31.69 14.60 0.00 32.06 5.09 46.38 15.26 30.21 7.58 39.89 13.56 6.09 7.75 34.54 16.42 26.84 9.97 33.88 27.69 18.45 10.92 9.42 9.75
88.82 34.21 5.90 31.48 19.53 30.99 24.38 23.07 17.77 17.53 32.06 0.00 31.15 31.31 16.88 17.48 27.93 23.30 35.72 34.66 28.37 12.65 23.01 5.40 24.67 6.85 7.28 26.73 40.41 41.21 27.36
57.69 10.23 25.49 11.56 11.71 15.57 10.67 23.23 28.16 13.82 5.09 31.15 0.00 42.19 15.16 26.69 12.67 36.10 18.59 11.18 12.83 33.43 19.35 26.23 6.84 31.94 25.86 22.15 15.56 12.79 13.50
90.88 44.73 32.84 41.37 34.39 52.26 43.55 18.96 16.13 36.09 46.38 31.31 42.19 0.00 37.53 17.41 38.90 8.15 56.99 44.46 38.87 30.12 47.96 33.31 36.49 24.50 26.80 52.46 57.28 54.97 48.30
72.57 18.03 10.98 15.85 5.76 15.52 7.66 20.90 21.44 15.65 15.26 16.88 15.16 37.53 0.00 20.12 12.59 29.83 20.43 18.63 13.14 19.43 10.63 11.59 9.94 19.62 13.59 15.13 23.78 24.33 11.53
80.80 29.58 16.81 26.19 17.31 35.02 26.35 6.77 14.41 18.72 30.21 17.48 26.69 17.41 20.12 0.00 23.15 9.89 39.81 29.54 23.26 17.59 30.57 17.48 20.26 12.19 10.94 35.08 40.90 39.33 31.02
60.91 6.66 22.40 14.05 8.41 16.58 9.87 19.96 24.63 10.96 7.58 27.93 12.67 38.90 12.59 23.15 0.00 32.64 20.26 6.89 13.07 30.15 18.58 23.17 13.57 28.45 22.41 21.96 18.48 16.21 13.74
87.99 38.86 24.69 35.46 27.20 44.88 36.23 13.46 8.47 28.54 39.89 23.30 36.10 8.15 29.83 9.89 32.64 0.00 49.70 38.72 32.69 22.30 40.10 25.16 29.92 16.57 18.66 44.58 50.67 48.85 40.88
61.81 18.36 30.10 20.00 22.59 4.91 13.46 38.75 41.23 21.29 13.56 35.72 18.59 56.99 20.43 39.81 20.26 49.70 0.00 19.27 20.61 38.41 13.18 30.40 21.37 39.75 33.92 11.34 8.68 13.62 8.92
54.17 11.23 29.01 12.56 15.19 17.05 13.60 25.58 31.00 17.34 6.09 34.66 11.18 44.46 18.63 29.54 6.89 38.72 19.27 0.00 6.57 36.93 22.04 29.75 10.22 35.34 29.29 24.42 14.63 10.80 15.68
60.49 6.41 22.87 14.22 8.85 17.01 10.42 19.91 24.73 11.48 7.75 28.37 12.83 38.87 13.14 23.26 13.07 32.69 20.61 6.57 0.00 30.56 19.15 23.65 14.01 28.78 22.77 22.50 18.61 16.17 14.24
91.05 36.52 8.50 33.70 21.75 33.68 26.98 23.63 17.65 19.96 34.54 12.65 33.43 30.12 19.43 17.59 30.15 22.30 38.41 36.93 30.56 0.00 25.69 8.06 26.85 5.80 8.52 29.38 43.04 43.74 30.03
72.58 21.15 17.75 20.60 15.47 9.07 8.77 31.49 31.83 12.50 16.42 23.01 19.35 47.96 10.63 30.57 18.58 40.10 13.18 22.04 19.15 25.69 0.00 17.88 17.48 27.81 22.51 4.52 19.84 22.76 7.03
83.90 29.25 11.30 26.68 14.85 25.64 19.01 21.85 18.19 12.45 26.84 5.40 26.23 33.31 11.59 17.48 23.17 25.16 30.40 29.75 23.65 8.06 17.88 0.00 20.00 10.23 6.63 21.81 35.02 35.90 21.97
64.21 9.95 19.21 6.88 5.16 17.19 9.27 17.71 21.75 8.07 9.97 24.67 6.84 36.49 9.94 20.26 13.57 29.92 21.37 10.22 14.01 26.85 17.48 20.00 0.00 25.12 19.08 21.30 20.80 19.10 13.80
88.98 35.06 10.15 31.97 20.36 34.88 27.25 18.61 12.06 19.50 33.88 6.85 31.94 24.50 19.62 12.19 28.45 16.57 39.75 35.34 28.78 5.80 27.81 10.23 25.12 0.00 6.18 31.91 43.31 43.28 30.99
83.15 28.98 6.06 25.95 14.21 29.02 21.17 15.93 11.58 13.34 27.69 7.28 25.86 26.80 13.59 10.94 22.41 18.66 33.92 29.29 22.77 8.52 22.51 6.63 19.08 6.18 0.00 26.81 37.18 37.09 25.07
72.62 23.49 21.78 23.50 19.79 8.71 12.14 35.96 36.33 16.95 18.45 26.73 22.15 52.46 15.13 35.08 21.96 44.58 11.34 24.42 22.50 29.38 4.52 21.81 21.30 31.91 26.81 0.00 19.30 23.14 8.74
53.36 13.93 34.54 16.72 23.86 10.85 16.12 38.40 42.37 23.85 10.92 40.41 15.56 57.28 23.78 40.90 18.48 50.67 8.68 14.63 18.61 43.04 19.84 35.02 20.80 43.31 37.18 19.30 0.00 5.51 13.42
49.82 10.35 35.31 13.62 23.08 14.42 17.02 36.01 40.81 23.90 9.42 41.21 12.79 54.97 24.33 39.33 16.21 48.85 13.62 10.80 16.17 43.74 22.76 35.90 19.10 43.28 37.09 23.14 5.51 0.00 15.80
65.61 14.75 21.59 14.88 13.99 13.54 4.83 30.40 32.42 12.40 9.75 27.36 13.50 48.30 11.53 31.02 13.74 40.88 8.92 15.68 14.24 30.03 7.03 21.97 13.80 30.99 25.07 8.74 13.42 15.80 0.00
0	0	1700	0	0	0
1	23	103	1	0	13
2	73	153	1	0	10
3	122	202	1	0	7
4	150	230	1	0	20
5	207	287	1	0	15
6	242	322	1	0	14
7	295	375	-1	3	0
8	314	394	1	0	26
9	348	428	1	0	18
10	370	450	-1	2	0
11	450	530	1	0	29
12	536	616	1	0	19
13	608	688	-1	1	0
14	661	741	-1	6	0
15	687	767	-1	5	0
16	739	819	1	0	21
17	807	887	1	0	27
18	897	977	-1	9	0
19	934	1014	-1	12	0
20	946	1026	-1	4	0
21	982	1062	-1	16	0
22	1023	1103	1	0	24
23	1041	1121	1	0	28
24	1061	1141	-1	22	0
25	1086	1166	1	0	30
26	1095	1175	-1	8	0
27	1122	1202	-1	17	0
28	1149	1229	-1	23	0
29	1157	1237	-1	11	0
30	1180	1260	-1	25	0
C:
0 3 3 3 3 3 3 3 3 3 3 3 3 3 3 3 3 3 3 3 3 3 3 3 3 3 3 3 3 3 3 3
2 0 2 2 2 2 2 2 2 2 2 2 2 2 2 2 2 2 2 2 2 2 2 2 2 2 2 2 2 2 2 2
1 1 0 1 1 1 1 1 1 1 1 1 1 1 1 1 1 1 1 1 1 1 1 1 1 1 1 1 1 1 1 1
1 1 1 0 1 1 1 1 1 1 1 1 1 1 1 1 1 1 1 1 1 1 1 1 1 1 1 1 1 1 1 1
1 1 1 1 0 1 1 1 1 1 1 1 1 1 1 1 1 1 1 1 1 1 1 1 1 1 1 1 1 1 1 1
2 2 2 2 2 0 2 2 2 2 2 2 2 2 2 2 2 2 2 2 2 2 2 2 2 2 2 2 2 2 2 2
1 1 1 1 1 1 0 1 1 1 1 1 1 1 1 1 1 1 1 1 1 1 1 1 1 1 1 1 1 1 1 1
2 2 2 2 2 2 2 0 2 2 2 2 2 2 2 2 2 2 2 2 2 2 2 2 2 2 2 2 2 2 2 2
2 2 2 2 2 2 2 2 0 2 2 2 2 2 2 2 2 2 2 2 2 2 2 2 2 2 2 2 2 2 2 2
1 1 1 1 1 1 1 1 1 0 1 1 1 1 1 1 1 1 1 1 1 1 1 1 1 1 1 1 1 1 1 1
1 1 1 1 1 1 1 1 1 1 0 1 1 1 1 1 1 1 1 1 1 1 1 1 1 1 1 1 1 1 1 1
2 2 2 2 2 2 2 2 2 2 2 0 2 2 2 2 2 2 2 2 2 2 2 2 2 2 2 2 2 2 2 2
1 1 1 1 1 1 1 1 1 1 1 1 0 1 1 1 1 1 1 1 1 1 1 1 1 1 1 1 1 1 1 1
3 3 3 3 3 3 3 3 3 3 3 3 3 0 3 3 3 3 3 3 3 3 3 3 3 3 3 3 3 3 3 3
1 1 1 1 1 1 1 1 1 1 1 1 1 1 0 1 1 1 1 1 1 1 1 1 1 1 1 1 1 1 1 1
2 2 2 2 2 2 2 2 2 2 2 2 2 2 2 0 2 2 2 2 2 2 2 2 2 2 2 2 2 2 2 2
1 1 1 1 1 1 1 1 1 1 1 1 1 1 1 1 0 1 1 1 1 1 1 1 1 1 1 1 1 1 1 1
3 3 3 3 3 3 3 3 3 3 3 3 3 3 3 3 3 0 3 3 3 3 3 3 3 3 3 3 3 3 3 3
2 2 2 2 2 2 2 2 2 2 2 2 2 2 2 2 2 2 0 2 2 2 2 2 2 2 2 2 2 2 2 2
2 2 2 2 2 2 2 2 2 2 2 2 2 2 2 2 2 2 2 0 2 2 2 2 2 2 2 2 2 2 2 2
1 1 1 1 1 1 1 1 1 1 1 1 1 1 1 1 1 1 1 1 0 1 1 1 1 1 1 1 1 1 1 1
2 2 2 2 2 2 2 2 2 2 2 2 2 2 2 2 2 2 2 2 2 0 2 2 2 2 2 2 2 2 2 2
1 1 1 1 1 1 1 1 1 1 1 1 1 1 1 1 1 1 1 1 1 1 0 1 1 1 1 1 1 1 1 1
1 1 1 1 1 1 1 1 1 1 1 1 1 1 1 1 1 1 1 1 1 1 1 0 1 1 1 1 1 1 1 1
1 1 1 1 1 1 1 1 1 1 1 1 1 1 1 1 1 1 1 1 1 1 1 1 0 1 1 1 1 1 1 1
2 2 2 2 2 2 2 2 2 2 2 2 2 2 2 2 2 2 2 2 2 2 2 2 2 0 2 2 2 2 2 2
1 1 1 1 1 1 1 1 1 1 1 1 1 1 1 1 1 1 1 1 1 1 1 1 1 1 0 1 1 1 1 1
2 2 2 2 2 2 2 2 2 2 2 2 2 2 2 2 2 2 2 2 2 2 2 2 2 2 2 0 2 2 2 2
2 2 2 2 2 2 2 2 2 2 2 2 2 2 2 2 2 2 2 2 2 2 2 2 2 2 2 2 0 2 2 2
2 2 2 2 2 2 2 2 2 2 2 2 2 2 2 2 2 2 2 2 2 2 2 2 2 2 2 2 2 0 2 2
1 1 1 1 1 1 1 1 1 1 1 1 1 1 1 1 1 1 1 1 1 1 1 1 1 1 1 1 1 1 0 1
3 3 3 3 3 3 3 3 3 3 3 3 3 3 3 3 3 3 3 3 3 3 3 3 3 3 3 3 3 3 3 0
Time:
0	15
15	30
30	45
45	60
60	75
75	90
90	105
105	120
120	135
135	150
150	165
165	180
180	195
195	210
210	225
225	240
240	255
255	270
270	285
285	300
300	315
315	330
330	345
345	360
360	375
375	390
390	405
405	420
420	435
435	450
450	465
465	480
480	495
495	510
510	525
525	540
540	555
555	570
570	585
585	600
600	615
615	630
630	645
645	660
660	675
675	690
690	705
705	720
720	735
735	750
750	765
765	780
780	795
795	810
810	825
825	840
840	855
855	870
870	885
885	900
900	915
915	930
930	945
945	960
960	975
975	990
990	1005
1005	1020
1020	1035
1035	1050
1050	1065
1065	1080
1080	2000
Speed:
0.925	0.85	0.925	1	0.8325	0.765	0.8325	0.9	0.4625	0.425	0.4625	0.5	0.30525	0.2805	0.30525	0.33	0.37	0.34	0.37	0.4	0.555	0.51	0.555	0.6	0.6475	0.595	0.6475	0.7	0.37	0.34	0.37	0.4	0.30525	0.2805	0.30525	0.33	0.4625	0.425	0.4625	0.5	0.6475	0.595	0.6475	0.7	0.74	0.68	0.74	0.8	0.6475	0.595	0.6475	0.7	0.4625	0.425	0.4625	0.5	0.555	0.51	0.555	0.6	0.6475	0.595	0.6475	0.7	0.8325	0.765	0.8325	0.9	0.925	0.85	0.925	1	1
0.925	0.85	0.925	1	0.8325	0.765	0.8325	0.9	0.4625	0.425	0.4625	0.5	0.30525	0.2805	0.30525	0.33	0.37	0.34	0.37	0.4	0.555	0.51	0.555	0.6	0.6475	0.595	0.6475	0.7	0.37	0.34	0.37	0.4	0.30525	0.2805	0.30525	0.33	0.4625	0.425	0.4625	0.5	0.6475	0.595	0.6475	0.7	0.74	0.68	0.74	0.8	0.6475	0.595	0.6475	0.7	0.4625	0.425	0.4625	0.5	0.555	0.51	0.555	0.6	0.6475	0.595	0.6475	0.7	0.8325	0.765	0.8325	0.9	0.925	0.85	0.925	1	1
0.925	0.85	0.925	1	0.8325	0.765	0.8325	0.9	0.4625	0.425	0.4625	0.5	0.30525	0.2805	0.30525	0.33	0.37	0.34	0.37	0.4	0.555	0.51	0.555	0.6	0.6475	0.595	0.6475	0.7	0.37	0.34	0.37	0.4	0.30525	0.2805	0.30525	0.33	0.4625	0.425	0.4625	0.5	0.6475	0.595	0.6475	0.7	0.74	0.68	0.74	0.8	0.6475	0.595	0.6475	0.7	0.4625	0.425	0.4625	0.5	0.555	0.51	0.555	0.6	0.6475	0.595	0.6475	0.7	0.8325	0.765	0.8325	0.9	0.925	0.85	0.925	1	1
