31
0.00 68.39 62.10 89.33 62.36 57.71 74.81 75.16 80.56 72.51 60.60 73.62 73.00 77.21 74.36 73.84 57.77 86.93 78.09 50.36 57.75 43.03 83.10 68.71 68.16 38.46 86.57 52.93 68.96 68.49 87.63
68.39 0.00 15.11 40.73 31.30 20.84 21.62 44.14 30.93 41.07 14.76 18.29 10.94 50.34 22.33 28.71 31.83 40.05 35.34 30.91 15.53 32.83 40.31 6.74 38.22 30.07 35.51 27.00 30.55 35.66 50.94
62.10 15.11 0.00 32.53 16.35 6.26 13.79 30.55 22.20 27.25 12.36 11.79 11.90 36.52 13.75 17.31 16.74 31.01 24.03 16.99 4.73 21.11 29.63 9.90 23.83 26.99 28.07 12.91 16.95 21.49 39.31
89.33 40.73 32.53 0.00 27.03 33.76 19.59 19.71 10.37 20.15 34.31 22.74 29.82 23.66 19.21 16.04 31.64 11.01 11.35 38.99 37.05 46.47 7.69 34.35 23.04 58.76 5.32 36.82 20.37 21.68 14.98
62.36 31.30 16.35 27.03 0.00 12.23 17.74 16.13 19.27 12.72 17.22 19.05 24.84 21.34 16.76 12.57 4.61 24.59 15.74 12.24 18.20 19.86 20.84 25.30 8.37 35.10 24.85 11.18 6.83 7.02 27.43
57.71 20.84 6.26 33.76 12.23 0.00 17.11 27.91 23.84 24.49 6.10 16.11 17.96 33.46 16.69 17.75 11.31 31.84 23.81 10.74 6.09 15.52 29.50 16.13 20.47 25.06 29.95 6.67 15.22 18.58 38.10
74.81 21.62 13.79 19.59 17.74 17.11 0.00 24.53 9.41 22.07 15.57 19.02 11.15 30.78 15.38 8.21 21.21 18.59 14.11 25.95 18.52 32.26 18.74 14.99 20.86 40.78 14.69 22.46 12.82 18.11 29.49
75.16 44.14 30.55 19.71 16.13 27.91 24.53 0.00 18.85 12.49 31.86 27.45 35.11 6.28 23.49 16.32 19.57 17.10 11.76 27.33 33.50 34.71 12.06 37.50 7.89 51.12 21.01 27.17 13.68 9.33 12.47
80.56 30.93 22.20 10.37 19.27 23.84 9.41 18.85 0.00 17.47 23.98 12.68 20.21 24.62 8.91 6.81 23.72 9.18 7.10 30.34 26.76 37.53 9.95 24.37 18.30 48.66 6.11 27.65 12.51 16.01 20.82
72.51 41.07 27.25 20.15 12.72 24.49 22.07 12.49 17.47 0.00 28.53 24.83 32.34 9.30 21.00 13.90 16.27 17.47 10.57 24.10 30.11 31.56 12.50 34.48 4.60 47.75 20.57 23.79 10.52 5.91 15.31
60.60 14.76 12.36 34.31 17.22 6.10 15.57 31.86 23.98 28.53 0.00 13.49 12.92 37.76 15.54 19.01 17.15 32.76 25.68 16.56 12.19 20.11 31.31 10.23 24.96 25.24 29.86 12.52 18.35 22.71 40.88
73.62 18.29 11.79 22.74 19.05 16.11 19.02 27.45 12.68 24.83 13.49 0.00 7.87 33.72 18.35 11.18 22.00 21.84 17.37 25.80 16.47 31.58 22.07 11.70 23.21 38.68 17.70 22.06 15.03 20.44 32.81
73.00 10.94 11.90 29.82 24.84 17.96 11.15 35.11 20.21 32.34 12.92 7.87 0.00 41.39 12.02 18.97 26.81 29.23 25.24 28.65 15.47 32.98 29.85 5.23 30.27 36.08 24.58 24.60 22.14 27.54 40.64
77.21 50.34 36.52 23.66 21.34 33.46 30.78 6.28 24.62 9.30 37.76 33.72 41.39 0.00 29.74 22.57 24.11 21.28 17.58 31.50 39.23 38.52 16.52 43.73 13.00 55.72 25.95 31.94 19.81 15.05 12.19
74.36 22.33 13.75 19.21 16.76 16.69 15.38 23.49 8.91 21.00 15.54 18.35 12.02 29.74 0.00 7.17 20.32 18.08 13.22 25.25 18.45 31.69 17.99 15.65 19.78 40.67 14.44 21.84 11.74 17.02 28.68
73.84 28.71 17.31 16.04 12.57 17.75 8.21 16.32 6.81 13.90 19.01 11.18 18.97 22.57 7.17 0.00 16.95 14.10 6.81 23.56 21.51 30.82 12.32 21.97 13.19 42.79 12.73 20.99 6.00 10.54 22.39
57.77 31.83 16.74 31.64 4.61 11.31 21.21 19.57 23.72 16.27 17.15 22.00 26.81 24.11 20.32 16.95 0.00 29.19 20.34 7.90 17.36 15.49 25.37 26.40 11.69 31.64 29.39 7.86 11.39 11.09 31.41
86.93 40.05 31.01 11.01 24.59 31.84 18.59 17.10 9.18 17.47 32.76 21.84 29.23 21.28 18.08 14.10 29.19 0.00 8.85 36.64 35.42 44.16 5.04 33.53 20.37 56.89 5.70 34.60 18.01 19.07 13.50
78.09 35.34 24.03 11.35 15.74 23.81 14.11 11.76 7.10 10.57 25.68 17.37 25.24 17.58 13.22 6.81 20.34 8.85 0.00 27.83 28.07 35.39 5.70 28.61 12.23 48.80 10.27 25.96 9.25 10.49 15.62
50.36 30.91 16.99 38.99 12.24 10.74 25.95 27.33 30.34 24.10 16.56 25.80 28.65 31.50 25.25 23.56 7.90 36.64 27.83 0.00 15.38 7.62 33.07 26.77 19.50 24.35 36.27 15.76 18.63 18.98 39.30
57.75 15.53 4.73 37.05 18.20 6.09 18.52 33.50 26.76 30.11 12.19 16.47 15.47 39.23 18.45 21.51 17.36 35.42 28.07 15.38 0.00 17.95 33.74 12.12 26.28 22.27 32.70 11.52 20.26 24.22 43.03
43.03 32.83 21.11 46.47 19.86 15.52 32.26 34.71 37.53 31.56 20.11 31.58 32.98 38.52 31.69 30.82 15.49 44.16 35.39 7.62 17.95 0.00 40.67 30.06 26.96 18.45 43.55 9.93 26.15 26.57 46.82
83.10 40.31 29.63 7.69 20.84 29.50 18.74 12.06 9.95 12.50 31.31 22.07 29.85 16.52 17.99 12.32 25.37 5.04 5.70 33.07 33.74 40.67 0.00 33.62 15.70 54.47 9.49 31.43 14.73 14.72 10.88
68.71 6.74 9.90 34.35 25.30 16.13 14.99 37.50 24.37 34.48 10.23 11.70 5.23 43.73 15.65 21.97 26.40 33.53 28.61 26.77 12.12 30.06 33.62 0.00 31.81 31.27 29.21 22.71 23.99 29.20 44.21
68.16 38.22 23.83 23.04 8.37 20.47 20.86 7.89 18.30 4.60 24.96 23.21 30.27 13.00 19.78 13.19 11.69 20.37 12.23 19.50 26.28 26.96 15.70 31.81 0.00 43.24 22.49 19.29 8.18 10.51 19.87
38.46 30.07 26.99 58.76 35.10 25.06 40.78 51.12 48.66 47.75 25.24 38.68 36.08 55.72 40.67 42.79 31.64 56.89 48.80 24.35 22.27 18.45 54.47 31.27 43.24 0.00 54.71 23.96 39.90 42.11 62.43
86.57 35.51 28.07 5.32 24.85 29.95 14.69 21.01 6.11 20.57 29.86 17.70 24.58 25.95 14.44 12.73 29.39 5.70 10.27 36.27 32.70 43.55 9.49 29.21 22.49 54.71 0.00 33.70 18.02 20.60 19.16
52.93 27.00 12.91 36.82 11.18 6.67 22.46 27.17 27.65 23.79 12.52 22.06 24.60 31.94 21.84 20.99 7.86 34.60 25.96 15.76 11.52 9.93 31.43 22.71 19.29 23.96 33.70 0.00 16.72 18.20 38.60
68.96 30.55 16.95 20.37 6.83 15.22 12.82 13.68 12.51 10.52 18.35 15.03 22.14 19.81 11.74 6.00 11.39 18.01 9.25 18.63 20.26 26.15 14.73 23.99 8.18 39.90 18.02 16.72 0.00 5.43 22.89
68.49 35.66 21.49 21.68 7.02 18.58 18.11 9.33 16.01 5.91 22.71 20.44 27.54 15.05 17.02 10.54 11.09 19.07 10.49 18.98 24.22 26.57 14.72 29.20 10.51 42.11 20.60 18.20 5.43 0.00 20.42
87.63 50.94 39.31 14.98 27.43 38.10 29.49 12.47 20.82 15.31 40.88 32.81 40.64 12.19 28.68 22.39 31.41 13.50 15.62 39.30 43.03 46.82 10.88 44.21 19.87 62.43 19.16 38.60 22.89 20.42 0.00
0	0	1700	0	0	0
1	41	121	1	0	19
2	61	141	1	0	24
3	144	224	1	0	8
4	259	339	1	0	14
5	282	362	1	0	17
6	323	403	1	0	29
7	362	442	1	0	22
8	398	478	-1	3	0
9	446	526	1	0	28
10	527	607	1	0	20
11	556	636	1	0	26
12	569	649	1	0	21
13	631	711	1	0	18
14	672	752	-1	4	0
15	681	761	1	0	30
16	709	789	1	0	25
17	758	838	-1	5	0
18	786	866	-1	13	0
19	839	919	-1	1	0
20	875	955	-1	10	0
21	915	995	-1	12	0
22	968	1048	-1	7	0
23	1006	1086	1	0	27
24	1053	1133	-1	2	0
25	1096	1176	-1	16	0
26	1154	1234	-1	11	0
27	1202	1282	-1	23	0
28	1226	1306	-1	9	0
29	1231	1311	-1	6	0
30	1252	1332	-1	15	0
C:
0 3 3 3 3 3 3 3 3 3 3 3 3 3 3 3 3 3 3 3 3 3 3 3 3 3 3 3 3 3 3 3
3 0 3 3 3 3 3 3 3 3 3 3 3 3 3 3 3 3 3 3 3 3 3 3 3 3 3 3 3 3 3 3
2 2 0 2 2 2 2 2 2 2 2 2 2 2 2 2 2 2 2 2 2 2 2 2 2 2 2 2 2 2 2 2
2 2 2 0 2 2 2 2 2 2 2 2 2 2 2 2 2 2 2 2 2 2 2 2 2 2 2 2 2 2 2 2
1 1 1 1 0 1 1 1 1 1 1 1 1 1 1 1 1 1 1 1 1 1 1 1 1 1 1 1 1 1 1 1
2 2 2 2 2 0 2 2 2 2 2 2 2 2 2 2 2 2 2 2 2 2 2 2 2 2 2 2 2 2 2 2
1 1 1 1 1 1 0 1 1 1 1 1 1 1 1 1 1 1 1 1 1 1 1 1 1 1 1 1 1 1 1 1
1 1 1 1 1 1 1 0 1 1 1 1 1 1 1 1 1 1 1 1 1 1 1 1 1 1 1 1 1 1 1 1
1 1 1 1 1 1 1 1 0 1 1 1 1 1 1 1 1 1 1 1 1 1 1 1 1 1 1 1 1 1 1 1
1 1 1 1 1 1 1 1 1 0 1 1 1 1 1 1 1 1 1 1 1 1 1 1 1 1 1 1 1 1 1 1
2 2 2 2 2 2 2 2 2 2 0 2 2 2 2 2 2 2 2 2 2 2 2 2 2 2 2 2 2 2 2 2
1 1 1 1 1 1 1 1 1 1 1 0 1 1 1 1 1 1 1 1 1 1 1 1 1 1 1 1 1 1 1 1
2 2 2 2 2 2 2 2 2 2 2 2 0 2 2 2 2 2 2 2 2 2 2 2 2 2 2 2 2 2 2 2
2 2 2 2 2 2 2 2 2 2 2 2 2 0 2 2 2 2 2 2 2 2 2 2 2 2 2 2 2 2 2 2
1 1 1 1 1 1 1 1 1 1 1 1 1 1 0 1 1 1 1 1 1 1 1 1 1 1 1 1 1 1 1 1
1 1 1 1 1 1 1 1 1 1 1 1 1 1 1 0 1 1 1 1 1 1 1 1 1 1 1 1 1 1 1 1
1 1 1 1 1 1 1 1 1 1 1 1 1 1 1 1 0 1 1 1 1 1 1 1 1 1 1 1 1 1 1 1
2 2 2 2 2 2 2 2 2 2 2 2 2 2 2 2 2 0 2 2 2 2 2 2 2 2 2 2 2 2 2 2
1 1 1 1 1 1 1 1 1 1 1 1 1 1 1 1 1 1 0 1 1 1 1 1 1 1 1 1 1 1 1 1
2 2 2 2 2 2 2 2 2 2 2 2 2 2 2 2 2 2 2 0 2 2 2 2 2 2 2 2 2 2 2 2
2 2 2 2 2 2 2 2 2 2 2 2 2 2 2 2 2 2 2 2 0 2 2 2 2 2 2 2 2 2 2 2
3 3 3 3 3 3 3 3 3 3 3 3 3 3 3 3 3 3 3 3 3 0 3 3 3 3 3 3 3 3 3 3
1 1 1 1 1 1 1 1 1 1 1 1 1 1 1 1 1 1 1 1 1 1 0 1 1 1 1 1 1 1 1 1
2 2 2 2 2 2 2 2 2 2 2 2 2 2 2 2 2 2 2 2 2 2 2 0 2 2 2 2 2 2 2 2
1 1 1 1 1 1 1 1 1 1 1 1 1 1 1 1 1 1 1 1 1 1 1 1 0 1 1 1 1 1 1 1
3 3 3 3 3 3 3 3 3 3 3 3 3 3 3 3 3 3 3 3 3 3 3 3 3 0 3 3 3 3 3 3
2 2 2 2 2 2 2 2 2 2 2 2 2 2 2 2 2 2 2 2 2 2 2 2 2 2 0 2 2 2 2 2
2 2 2 2 2 2 2 2 2 2 2 2 2 2 2 2 2 2 2 2 2 2 2 2 2 2 2 0 2 2 2 2
1 1 1 1 1 1 1 1 1 1 1 1 1 1 1 1 1 1 1 1 1 1 1 1 1 1 1 1 0 1 1 1
1 1 1 1 1 1 1 1 1 1 1 1 1 1 1 1 1 1 1 1 1 1 1 1 1 1 1 1 1 0 1 1
2 2 2 2 2 2 2 2 2 2 2 2 2 2 2 2 2 2 2 2 2 2 2 2 2 2 2 2 2 2 0 2
3 3 3 3 3 3 3 3 3 3 3 3 3 3 3 3 3 3 3 3 3 3 3 3 3 3 3 3 3 3 3 0
Time:
0	15
15	30
30	45
45	60
60	75
75	90
90	105
105	120
120	135
135	150
150	165
165	180
180	195
195	210
210	225
225	240
240	255
255	270
270	285
285	300
300	315
315	330
330	345
345	360
360	375
375	390
390	405
405	420
420	435
435	450
450	465
465	480
480	495
495	510
510	525
525	540
540	555
555	570
570	585
585	600
600	615
615	630
630	645
645	660
660	675
675	690
690	705
705	720
720	735
735	750
750	765
765	780
780	795
795	810
810	825
825	840
840	855
855	870
870	885
885	900
900	915
915	930
930	945
945	960
960	975
975	990
990	1005
1005	1020
1020	1035
1035	1050
1050	1065
1065	1080
1080	2000
Speed:
0.925	0.85	0.925	1	0.8325	0.765	0.8325	0.9	0.4625	0.425	0.4625	0.5	0.30525	0.2805	0.30525	0.33	0.37	0.34	0.37	0.4	0.555	0.51	0.555	0.6	0.6475	0.595	0.6475	0.7	0.37	0.34	0.37	0.4	0.30525	0.2805	0.30525	0.33	0.4625	0.425	0.4625	0.5	0.6475	0.595	0.6475	0.7	0.74	0.68	0.74	0.8	0.6475	0.595	0.6475	0.7	0.4625	0.425	0.4625	0.5	0.555	0.51	0.555	0.6	0.6475	0.595	0.6475	0.7	0.8325	0.765	0.8325	0.9	0.925	0.85	0.925	1	1
0.925	0.85	0.925	1	0.8325	0.765	0.8325	0.9	0.4625	0.425	0.4625	0.5	0.30525	0.2805	0.30525	0.33	0.37	0.34	0.37	0.4	0.555	0.51	0.555	0.6	0.6475	0.595	0.6475	0.7	0.37	0.34	0.37	0.4	0.30525	0.2805	0.30525	0.33	0.4625	0.425	0.4625	0.5	0.6475	0.595	0.6475	0.7	0.74	0.68	0.74	0.8	0.6475	0.595	0.6475	0.7	0.4625	0.425	0.4625	0.5	0.555	0.51	0.555	0.6	0.6475	0.595	0.6475	0.7	0.8325	0.765	0.8325	0.9	0.925	0.85	0.925	1	1
0.925	0.85	0.925	1	0.8325	0.765	0.8325	0.9	0.4625	0.425	0.4625	0.5	0.30525	0.2805	0.30525	0.33	0.37	0.34	0.37	0.4	0.555	0.51	0.555	0.6	0.6475	0.595	0.6475	0.7	0.37	0.34	0.37	0.4	0.30525	0.2805	0.30525	0.33	0.4625	0.425	0.4625	0.5	0.6475	0.595	0.6475	0.7	0.74	0.68	0.74	0.8	0.6475	0.595	0.6475	0.7	0.4625	0.425	0.4625	0.5	0.555	0.51	0.555	0.6	0.6475	0.595	0.6475	0.7	0.8325	0.765	0.8325	0.9	0.925	0.85	0.925	1	1
