41
0.00 68.29 68.58 68.29 68.70 72.19 82.45 60.54 68.59 54.66 79.26 73.84 92.06 56.15 74.71 66.80 71.09 71.52 67.12 54.07 83.36 84.09 66.19 86.89 67.45 69.37 72.37 71.71 66.02 68.69 57.34 51.02 77.74 88.06 72.07 78.19 53.29 83.59 67.88 69.86 64.20
68.29 0.00 10.20 10.20 7.55 16.58 14.37 8.38 7.93 18.35 17.47 14.10 27.84 12.43 6.64 18.30 17.20 8.14 5.62 15.43 18.86 16.03 6.46 21.26 5.60 6.77 12.13 16.01 13.23 8.13 12.42 18.86 9.59 23.09 4.24 18.24 15.11 15.75 6.08 4.89 13.48
68.58 10.20 0.00 20.37 13.08 26.77 16.40 10.27 12.87 25.50 11.00 5.78 23.64 17.22 10.88 28.28 7.09 18.13 4.83 20.91 14.78 17.73 16.31 18.35 4.73 13.37 22.21 6.11 23.15 12.67 18.90 24.01 13.05 19.49 9.24 10.59 16.90 16.82 16.23 5.82 23.10
68.29 10.20 20.37 0.00 17.74 6.87 19.67 14.96 18.11 13.99 26.84 24.14 35.40 13.81 13.92 8.33 27.40 4.40 15.64 14.55 27.12 21.13 4.46 28.62 15.68 16.97 4.19 26.21 10.91 18.32 11.49 17.31 15.64 30.67 12.96 27.95 18.50 21.42 11.03 15.02 5.05
68.70 7.55 13.08 17.74 0.00 24.10 14.94 9.04 13.85 23.64 11.91 7.29 24.07 15.75 8.64 25.73 9.66 15.45 12.94 19.38 14.97 16.39 13.77 18.28 12.70 12.35 19.53 8.53 20.61 13.98 17.09 22.62 11.11 19.66 6.73 11.98 16.15 15.60 13.61 12.45 20.64
72.19 16.58 26.77 6.87 24.10 0.00 22.67 21.81 24.49 17.62 31.97 29.98 38.89 19.96 18.75 6.08 33.68 8.87 22.17 19.89 31.40 23.85 11.33 32.21 22.18 23.23 4.87 32.39 6.64 24.68 17.24 22.05 19.62 34.32 18.52 33.35 24.82 24.45 10.76 21.16 8.35
82.45 14.37 16.40 19.67 14.94 22.67 0.00 21.94 15.20 31.91 12.71 14.53 16.22 26.81 7.78 27.36 19.75 15.30 15.75 29.71 9.80 11.24 18.64 9.64 15.44 13.96 18.13 18.19 23.44 15.20 26.57 33.13 4.79 11.75 10.39 14.85 29.16 11.05 17.18 12.86 24.59
60.54 8.38 10.27 14.96 9.04 21.81 21.94 0.00 9.10 15.58 20.92 15.99 33.04 6.98 14.28 21.26 16.53 15.06 6.87 10.68 23.91 23.56 10.54 27.04 7.20 9.35 18.36 16.00 16.35 9.28 9.04 13.74 17.31 28.55 11.62 20.80 7.34 23.05 11.54 9.39 15.62
68.59 7.93 12.87 18.11 13.85 24.49 15.20 9.10 0.00 23.85 11.82 7.09 24.06 15.88 9.00 26.08 9.30 15.85 13.33 19.52 15.00 16.64 14.11 18.35 13.09 12.75 19.93 8.19 20.96 13.97 17.28 22.74 11.44 19.69 7.12 11.81 16.16 15.83 13.98 12.82 20.97
54.66 18.35 25.50 13.99 23.64 17.62 31.91 15.58 23.85 0.00 35.27 30.93 46.19 8.89 24.66 12.85 32.08 17.87 21.14 5.62 37.18 33.53 13.31 39.59 21.39 23.50 17.88 31.46 11.37 24.05 6.60 5.30 27.27 41.45 22.55 35.60 12.55 33.51 14.89 22.47 9.55
79.26 17.47 11.00 26.84 11.91 31.97 12.71 20.92 11.82 35.27 0.00 5.42 12.81 27.66 13.22 35.17 9.29 23.23 14.30 31.26 4.97 13.08 23.82 8.74 14.01 11.83 27.09 8.09 30.33 11.64 28.83 34.52 12.89 9.18 13.90 10.23 27.85 11.87 23.05 12.85 30.83
73.84 14.10 5.78 24.14 7.29 29.98 14.53 15.99 7.09 30.93 5.42 0.00 18.22 22.89 11.85 32.37 5.22 21.11 9.81 26.56 9.85 15.45 20.55 13.62 9.58 7.58 25.18 11.37 27.33 6.89 24.37 29.72 12.80 14.41 11.47 4.81 22.67 14.32 20.10 9.21 27.56
92.06 27.84 23.64 35.40 24.07 38.89 16.22 33.04 24.06 46.19 12.81 18.22 0.00 39.41 21.80 43.39 21.55 31.16 26.19 42.84 9.15 15.18 33.51 6.78 25.87 23.70 34.28 20.62 39.15 23.92 40.08 46.22 19.76 4.77 23.66 14.07 40.22 14.45 32.31 24.06 40.09
56.15 12.43 17.22 13.81 15.75 19.96 26.81 6.98 15.88 8.89 27.66 22.89 39.41 0.00 19.06 17.53 23.47 15.90 13.37 11.88 30.26 28.46 10.46 33.13 13.67 15.86 17.92 22.98 13.50 16.07 12.88 6.87 22.02 34.79 16.54 27.67 4.92 28.17 12.07 15.36 12.13
74.71 6.64 10.88 13.92 8.64 18.75 7.78 14.28 9.00 24.66 13.22 11.85 21.80 19.06 0.00 22.18 16.45 10.05 8.62 22.05 13.23 9.43 11.71 15.07 8.35 7.52 13.87 14.95 17.58 9.09 18.99 25.48 12.57 17.03 10.88 14.65 21.43 9.11 10.53 5.78 18.37
66.80 18.30 28.28 8.33 25.73 6.08 27.36 21.26 26.08 12.85 35.17 32.37 43.39 17.53 22.18 0.00 35.37 12.27 23.47 16.41 35.33 28.70 11.97 36.62 23.56 25.05 9.36 34.26 5.14 26.29 14.47 17.84 23.69 38.70 21.29 36.26 22.43 29.14 12.28 23.19 5.65
71.09 17.20 7.09 27.40 9.66 33.68 19.75 16.53 9.30 32.08 9.29 5.22 21.55 23.47 16.45 35.37 0.00 24.91 11.92 27.15 14.23 20.67 23.40 18.02 11.82 10.46 29.01 13.20 30.24 9.09 25.50 30.02 17.79 18.41 15.52 7.53 22.14 19.53 23.27 12.52 30.19
71.52 8.14 18.13 4.40 15.45 8.87 15.30 15.06 15.85 17.87 23.23 21.11 31.16 15.90 10.05 12.27 24.91 0.00 13.75 17.47 23.08 16.74 5.45 24.38 13.70 14.51 8.59 23.59 8.15 16.03 14.21 20.55 11.43 26.45 9.65 24.53 20.10 17.06 14.22 12.40 9.42
67.12 5.62 4.83 15.64 12.94 22.17 15.75 6.87 13.33 21.14 14.30 9.81 26.19 13.37 8.62 23.47 11.92 13.75 0.00 16.96 17.04 17.31 11.50 20.17 9.56 11.83 17.76 10.90 18.33 13.46 14.60 20.24 11.46 21.68 6.21 14.47 14.17 16.65 11.51 10.52 18.27
54.07 15.43 20.91 14.55 19.38 19.89 29.71 10.68 19.52 5.62 31.26 26.56 42.84 11.88 22.05 16.41 27.15 17.47 16.96 0.00 33.71 31.36 12.13 36.47 17.25 19.44 18.74 26.67 13.26 19.71 12.22 10.92 24.93 38.18 19.65 31.33 6.95 31.15 13.83 18.79 11.59
83.36 18.86 14.78 27.12 14.97 31.40 9.80 23.91 15.00 37.18 4.97 9.85 9.15 30.26 13.23 35.33 14.23 23.08 17.04 33.71 0.00 9.61 24.79 13.71 16.72 14.56 26.60 12.96 30.80 14.86 30.99 37.08 11.78 4.72 14.78 7.06 31.12 8.45 23.72 14.92 31.58
84.09 16.03 17.73 21.13 16.39 23.85 11.24 23.56 16.64 33.53 13.08 15.45 15.18 28.46 9.43 28.70 20.67 16.74 17.31 31.36 9.61 0.00 20.24 8.82 16.99 15.44 19.41 19.12 24.89 16.63 28.22 34.78 6.45 10.90 12.04 15.29 30.80 12.71 18.75 14.42 26.09
66.19 6.46 16.31 4.46 13.77 11.33 18.64 10.54 14.11 13.31 23.82 20.55 33.51 10.46 11.71 11.97 23.40 5.45 11.50 12.13 24.79 20.24 0.00 26.79 11.59 13.12 7.93 22.30 6.85 14.32 8.85 15.33 14.09 28.74 10.06 24.68 14.77 20.28 12.54 11.34 7.03
86.89 21.26 18.35 28.62 18.28 32.21 9.64 27.04 18.35 39.59 8.74 13.62 6.78 33.13 15.07 36.62 18.02 24.38 20.17 36.47 13.71 8.82 26.79 0.00 19.84 17.74 27.56 16.76 32.37 18.23 33.61 39.88 12.98 11.55 17.04 10.73 34.33 7.92 25.55 17.80 33.32
67.45 5.60 4.73 15.68 12.70 22.18 15.44 7.20 13.09 21.39 14.01 9.58 25.87 13.67 8.35 23.56 11.82 13.70 9.56 17.25 16.72 16.99 11.59 19.84 0.00 11.59 17.73 10.77 18.43 13.22 14.86 20.54 11.17 21.35 5.97 14.21 14.50 16.33 11.55 10.50 18.40
69.37 6.77 13.37 16.97 12.35 23.23 13.96 9.35 12.75 23.50 11.83 7.58 23.70 15.86 7.52 25.05 10.46 14.51 11.83 19.44 14.56 15.44 13.12 17.74 11.59 0.00 18.61 9.24 19.95 12.88 17.01 22.73 10.03 19.21 5.62 12.11 16.59 14.68 12.85 11.67 20.07
72.37 12.13 22.21 4.19 19.53 4.87 18.13 18.36 19.93 17.88 27.09 25.18 34.28 17.92 13.87 9.36 29.01 8.59 17.76 18.74 26.60 19.41 7.93 27.56 17.73 18.61 0.00 27.69 6.72 20.11 15.67 21.46 14.82 29.66 13.71 28.48 22.52 19.92 6.84 16.50 8.45
71.71 16.01 6.11 26.21 8.53 32.39 18.19 16.00 8.19 31.46 8.09 11.37 20.62 22.98 14.95 34.26 13.20 23.59 10.90 26.67 12.96 19.12 22.30 16.76 10.77 9.24 27.69 0.00 29.14 7.98 24.86 29.64 16.23 17.27 14.11 6.55 21.97 17.99 22.09 11.24 29.16
66.02 13.23 23.15 10.91 20.61 6.64 23.44 16.35 20.96 11.37 30.33 27.33 39.15 13.50 17.58 5.14 30.24 8.15 18.33 13.26 30.80 24.89 6.85 32.37 18.43 19.95 6.72 29.14 0.00 21.17 10.67 15.49 19.40 34.42 16.43 31.33 18.41 25.20 7.29 18.13 10.79
68.69 8.13 12.67 18.32 13.98 24.68 15.20 9.28 13.97 24.05 11.64 6.89 23.92 16.07 9.09 26.29 9.09 16.03 13.46 19.71 14.86 16.63 14.32 18.23 13.22 12.88 20.11 7.98 21.17 0.00 17.49 22.92 11.49 19.57 7.25 11.62 16.31 15.81 14.18 13.03 21.18
57.34 12.42 18.90 11.49 17.09 17.24 26.57 9.04 17.28 6.60 28.83 24.37 40.08 12.88 18.99 14.47 25.50 14.21 14.60 12.22 30.99 28.22 8.85 33.61 14.86 17.01 15.67 24.86 10.67 17.49 0.00 6.60 21.81 35.38 16.66 29.07 7.95 28.05 10.54 16.13 9.18
51.02 18.86 24.01 17.31 22.62 22.05 33.13 13.74 22.74 5.30 34.52 29.72 46.22 6.87 25.48 17.84 30.02 20.55 20.24 10.92 37.08 34.78 15.33 39.88 20.54 22.73 21.46 29.64 15.49 22.92 6.60 0.00 28.35 41.58 23.08 34.52 8.57 34.58 17.02 22.16 13.71
77.74 9.59 13.05 15.64 11.11 19.62 4.79 17.31 11.44 27.27 12.89 12.80 19.76 22.02 12.57 23.69 17.79 11.43 11.46 24.93 11.78 6.45 14.09 12.98 11.17 10.03 14.82 16.23 19.40 11.49 21.81 28.35 0.00 15.03 5.69 14.67 24.46 6.26 12.73 8.56 20.39
88.06 23.09 19.49 30.67 19.66 34.32 11.75 28.55 19.69 41.45 9.18 14.41 4.77 34.79 17.03 38.70 18.41 26.45 21.68 38.18 4.72 10.90 28.74 11.55 21.35 19.21 29.66 17.27 34.42 19.57 35.38 41.58 15.03 0.00 18.90 10.92 35.79 10.03 27.54 19.43 35.33
72.07 4.24 9.24 12.96 6.73 18.52 10.39 11.62 7.12 22.55 13.90 11.47 23.66 16.54 10.88 21.29 15.52 9.65 6.21 19.65 14.78 12.04 10.06 17.04 5.97 5.62 13.71 14.11 16.43 7.25 16.66 23.08 5.69 18.90 0.00 15.00 18.78 11.65 9.16 9.14 16.99
78.19 18.24 10.59 27.95 11.98 33.35 14.85 20.80 11.81 35.60 10.23 4.81 14.07 27.67 14.65 36.26 7.53 24.53 14.47 31.33 7.06 15.29 24.68 10.73 14.21 12.11 28.48 6.55 31.33 11.62 29.07 34.52 14.67 10.92 15.00 0.00 27.47 14.07 24.03 13.44 31.71
53.29 15.11 16.90 18.50 16.15 24.82 29.16 7.34 16.16 12.55 27.85 22.67 40.22 4.92 21.43 22.43 22.14 20.10 14.17 6.95 31.12 30.80 14.77 34.33 14.50 16.59 22.52 21.97 18.41 16.31 7.95 8.57 24.46 35.79 18.78 27.47 0.00 30.33 16.26 16.73 17.05
83.59 15.75 16.82 21.42 15.60 24.45 11.05 23.05 15.83 33.51 11.87 14.32 14.45 28.17 9.11 29.14 19.53 17.06 16.65 31.15 8.45 12.71 20.28 7.92 16.33 14.68 19.92 17.99 25.20 15.81 28.05 34.58 6.26 10.03 11.65 14.07 30.33 0.00 18.85 13.80 26.33
67.88 6.08 16.23 11.03 13.61 10.76 17.18 11.54 13.98 14.89 23.05 20.10 32.31 12.07 10.53 12.28 23.27 14.22 11.51 13.83 23.72 18.75 12.54 25.55 11.55 12.85 6.84 22.09 7.29 14.18 10.54 17.02 12.73 27.54 9.16 24.03 16.26 18.85 0.00 10.93 7.86
69.86 4.89 5.82 15.02 12.45 21.16 12.86 9.39 12.82 22.47 12.85 9.21 24.06 15.36 5.78 23.19 12.52 12.40 10.52 18.79 14.92 14.42 11.34 17.80 10.50 11.67 16.50 11.24 18.13 13.03 16.13 22.16 8.56 19.43 9.14 13.44 16.73 13.80 10.93 0.00 18.36
64.20 13.48 23.10 5.05 20.64 8.35 24.59 15.62 20.97 9.55 30.83 27.56 40.09 12.13 18.37 5.65 30.19 9.42 18.27 11.59 31.58 26.09 7.03 33.32 18.40 20.07 8.45 29.16 10.79 21.18 9.18 13.71 20.39 35.33 16.99 31.71 17.05 26.33 7.86 18.36 0.00
0	0	2200	0	0	0
1	36	116	1	0	35
2	51	131	1	0	9
3	77	157	1	0	37
4	117	197	1	0	25
5	192	272	1	0	8
6	258	338	1	0	33
7	304	384	1	0	21
8	321	401	-1	5	0
9	359	439	-1	2	0
10	436	516	1	0	36
11	452	532	1	0	32
12	508	588	1	0	31
13	585	665	1	0	30
14	614	694	1	0	38
15	645	725	1	0	19
16	694	774	1	0	29
17	737	817	1	0	24
18	770	850	1	0	23
19	808	888	-1	15	0
20	870	950	1	0	40
21	888	968	-1	7	0
22	921	1001	1	0	26
23	958	1038	-1	18	0
24	982	1062	-1	17	0
25	996	1076	-1	4	0
26	1019	1099	-1	22	0
27	1049	1129	1	0	28
28	1081	1161	-1	27	0
29	1104	1184	-1	16	0
30	1123	1203	-1	13	0
31	1130	1210	-1	12	0
32	1160	1240	-1	11	0
33	1177	1257	-1	6	0
34	1197	1277	1	0	39
35	1213	1293	-1	1	0
36	1244	1324	-1	10	0
37	1276	1356	-1	3	0
38	1297	1377	-1	14	0
39	1309	1389	-1	34	0
40	1329	1409	-1	20	0
C:
0 3 3 3 3 3 3 3 3 3 3 3 3 3 3 3 3 3 3 3 3 3 3 3 3 3 3 3 3 3 3 3 3 3 3 3 3 3 3 3 3 3
1 0 1 1 1 1 1 1 1 1 1 1 1 1 1 1 1 1 1 1 1 1 1 1 1 1 1 1 1 1 1 1 1 1 1 1 1 1 1 1 1 1
1 1 0 1 1 1 1 1 1 1 1 1 1 1 1 1 1 1 1 1 1 1 1 1 1 1 1 1 1 1 1 1 1 1 1 1 1 1 1 1 1 1
1 1 1 0 1 1 1 1 1 1 1 1 1 1 1 1 1 1 1 1 1 1 1 1 1 1 1 1 1 1 1 1 1 1 1 1 1 1 1 1 1 1
1 1 1 1 0 1 1 1 1 1 1 1 1 1 1 1 1 1 1 1 1 1 1 1 1 1 1 1 1 1 1 1 1 1 1 1 1 1 1 1 1 1
2 2 2 2 2 0 2 2 2 2 2 2 2 2 2 2 2 2 2 2 2 2 2 2 2 2 2 2 2 2 2 2 2 2 2 2 2 2 2 2 2 2
1 1 1 1 1 1 0 1 1 1 1 1 1 1 1 1 1 1 1 1 1 1 1 1 1 1 1 1 1 1 1 1 1 1 1 1 1 1 1 1 1 1
1 1 1 1 1 1 1 0 1 1 1 1 1 1 1 1 1 1 1 1 1 1 1 1 1 1 1 1 1 1 1 1 1 1 1 1 1 1 1 1 1 1
1 1 1 1 1 1 1 1 0 1 1 1 1 1 1 1 1 1 1 1 1 1 1 1 1 1 1 1 1 1 1 1 1 1 1 1 1 1 1 1 1 1
2 2 2 2 2 2 2 2 2 0 2 2 2 2 2 2 2 2 2 2 2 2 2 2 2 2 2 2 2 2 2 2 2 2 2 2 2 2 2 2 2 2
1 1 1 1 1 1 1 1 1 1 0 1 1 1 1 1 1 1 1 1 1 1 1 1 1 1 1 1 1 1 1 1 1 1 1 1 1 1 1 1 1 1
1 1 1 1 1 1 1 1 1 1 1 0 1 1 1 1 1 1 1 1 1 1 1 1 1 1 1 1 1 1 1 1 1 1 1 1 1 1 1 1 1 1
2 2 2 2 2 2 2 2 2 2 2 2 0 2 2 2 2 2 2 2 2 2 2 2 2 2 2 2 2 2 2 2 2 2 2 2 2 2 2 2 2 2
2 2 2 2 2 2 2 2 2 2 2 2 2 0 2 2 2 2 2 2 2 2 2 2 2 2 2 2 2 2 2 2 2 2 2 2 2 2 2 2 2 2
1 1 1 1 1 1 1 1 1 1 1 1 1 1 0 1 1 1 1 1 1 1 1 1 1 1 1 1 1 1 1 1 1 1 1 1 1 1 1 1 1 1
2 2 2 2 2 2 2 2 2 2 2 2 2 2 2 0 2 2 2 2 2 2 2 2 2 2 2 2 2 2 2 2 2 2 2 2 2 2 2 2 2 2
1 1 1 1 1 1 1 1 1 1 1 1 1 1 1 1 0 1 1 1 1 1 1 1 1 1 1 1 1 1 1 1 1 1 1 1 1 1 1 1 1 1
1 1 1 1 1 1 1 1 1 1 1 1 1 1 1 1 1 0 1 1 1 1 1 1 1 1 1 1 1 1 1 1 1 1 1 1 1 1 1 1 1 1
1 1 1 1 1 1 1 1 1 1 1 1 1 1 1 1 1 1 0 1 1 1 1 1 1 1 1 1 1 1 1 1 1 1 1 1 1 1 1 1 1 1
2 2 2 2 2 2 2 2 2 2 2 2 2 2 2 2 2 2 2 0 2 2 2 2 2 2 2 2 2 2 2 2 2 2 2 2 2 2 2 2 2 2
1 1 1 1 1 1 1 1 1 1 1 1 1 1 1 1 1 1 1 1 0 1 1 1 1 1 1 1 1 1 1 1 1 1 1 1 1 1 1 1 1 1
1 1 1 1 1 1 1 1 1 1 1 1 1 1 1 1 1 1 1 1 1 0 1 1 1 1 1 1 1 1 1 1 1 1 1 1 1 1 1 1 1 1
1 1 1 1 1 1 1 1 1 1 1 1 1 1 1 1 1 1 1 1 1 1 0 1 1 1 1 1 1 1 1 1 1 1 1 1 1 1 1 1 1 1
2 2 2 2 2 2 2 2 2 2 2 2 2 2 2 2 2 2 2 2 2 2 2 0 2 2 2 2 2 2 2 2 2 2 2 2 2 2 2 2 2 2
1 1 1 1 1 1 1 1 1 1 1 1 1 1 1 1 1 1 1 1 1 1 1 1 0 1 1 1 1 1 1 1 1 1 1 1 1 1 1 1 1 1
1 1 1 1 1 1 1 1 1 1 1 1 1 1 1 1 1 1 1 1 1 1 1 1 1 0 1 1 1 1 1 1 1 1 1 1 1 1 1 1 1 1
2 2 2 2 2 2 2 2 2 2 2 2 2 2 2 2 2 2 2 2 2 2 2 2 2 2 0 2 2 2 2 2 2 2 2 2 2 2 2 2 2 2
1 1 1 1 1 1 1 1 1 1 1 1 1 1 1 1 1 1 1 1 1 1 1 1 1 1 1 0 1 1 1 1 1 1 1 1 1 1 1 1 1 1
2 2 2 2 2 2 2 2 2 2 2 2 2 2 2 2 2 2 2 2 2 2 2 2 2 2 2 2 0 2 2 2 2 2 2 2 2 2 2 2 2 2
1 1 1 1 1 1 1 1 1 1 1 1 1 1 1 1 1 1 1 1 1 1 1 1 1 1 1 1 1 0 1 1 1 1 1 1 1 1 1 1 1 1
2 2 2 2 2 2 2 2 2 2 2 2 2 2 2 2 2 2 2 2 2 2 2 2 2 2 2 2 2 2 0 2 2 2 2 2 2 2 2 2 2 2
2 2 2 2 2 2 2 2 2 2 2 2 2 2 2 2 2 2 2 2 2 2 2 2 2 2 2 2 2 2 2 0 2 2 2 2 2 2 2 2 2 2
1 1 1 1 1 1 1 1 1 1 1 1 1 1 1 1 1 1 1 1 1 1 1 1 1 1 1 1 1 1 1 1 0 1 1 1 1 1 1 1 1 1
2 2 2 2 2 2 2 2 2 2 2 2 2 2 2 2 2 2 2 2 2 2 2 2 2 2 2 2 2 2 2 2 2 0 2 2 2 2 2 2 2 2
1 1 1 1 1 1 1 1 1 1 1 1 1 1 1 1 1 1 1 1 1 1 1 1 1 1 1 1 1 1 1 1 1 1 0 1 1 1 1 1 1 1
1 1 1 1 1 1 1 1 1 1 1 1 1 1 1 1 1 1 1 1 1 1 1 1 1 1 1 1 1 1 1 1 1 1 1 0 1 1 1 1 1 1
2 2 2 2 2 2 2 2 2 2 2 2 2 2 2 2 2 2 2 2 2 2 2 2 2 2 2 2 2 2 2 2 2 2 2 2 0 2 2 2 2 2
1 1 1 1 1 1 1 1 1 1 1 1 1 1 1 1 1 1 1 1 1 1 1 1 1 1 1 1 1 1 1 1 1 1 1 1 1 0 1 1 1 1
1 1 1 1 1 1 1 1 1 1 1 1 1 1 1 1 1 1 1 1 1 1 1 1 1 1 1 1 1 1 1 1 1 1 1 1 1 1 0 1 1 1
1 1 1 1 1 1 1 1 1 1 1 1 1 1 1 1 1 1 1 1 1 1 1 1 1 1 1 1 1 1 1 1 1 1 1 1 1 1 1 0 1 1
2 2 2 2 2 2 2 2 2 2 2 2 2 2 2 2 2 2 2 2 2 2 2 2 2 2 2 2 2 2 2 2 2 2 2 2 2 2 2 2 0 2
3 3 3 3 3 3 3 3 3 3 3 3 3 3 3 3 3 3 3 3 3 3 3 3 3 3 3 3 3 3 3 3 3 3 3 3 3 3 3 3 3 0
Time:
0	15
15	30
30	45
45	60
60	75
75	90
90	105
105	120
120	135
135	150
150	165
165	180
180	195
195	210
210	225
225	240
240	255
255	270
270	285
285	300
300	315
315	330
330	345
345	360
360	375
375	390
390	405
405	420
420	435
435	450
450	465
465	480
480	495
495	510
510	525
525	540
540	555
555	570
570	585
585	600
600	615
615	630
630	645
645	660
660	675
675	690
690	705
705	720
720	735
735	750
750	765
765	780
780	795
795	810
810	825
825	840
840	855
855	870
870	885
885	900
900	915
915	930
930	945
945	960
960	975
975	990
990	1005
1005	1020
1020	1035
1035	1050
1050	1065
1065	1080
1080	2200
Speed:
0.925	0.85	0.925	1	0.8325	0.765	0.8325	0.9	0.4625	0.425	0.4625	0.5	0.30525	0.2805	0.30525	0.33	0.37	0.34	0.37	0.4	0.555	0.51	0.555	0.6	0.6475	0.595	0.6475	0.7	0.37	0.34	0.37	0.4	0.30525	0.2805	0.30525	0.33	0.4625	0.425	0.4625	0.5	0.6475	0.595	0.6475	0.7	0.74	0.68	0.74	0.8	0.6475	0.595	0.6475	0.7	0.4625	0.425	0.4625	0.5	0.555	0.51	0.555	0.6	0.6475	0.595	0.6475	0.7	0.8325	0.765	0.8325	0.9	0.925	0.85	0.925	1	1
0.925	0.85	0.925	1	0.8325	0.765	0.8325	0.9	0.4625	0.425	0.4625	0.5	0.30525	0.2805	0.30525	0.33	0.37	0.34	0.37	0.4	0.555	0.51	0.555	0.6	0.6475	0.595	0.6475	0.7	0.37	0.34	0.37	0.4	0.30525	0.2805	0.30525	0.33	0.4625	0.425	0.4625	0.5	0.6475	0.595	0.6475	0.7	0.74	0.68	0.74	0.8	0.6475	0.595	0.6475	0.7	0.4625	0.425	0.4625	0.5	0.555	0.51	0.555	0.6	0.6475	0.595	0.6475	0.7	0.8325	0.765	0.8325	0.9	0.925	0.85	0.925	1	1
0.925	0.85	0.925	1	0.8325	0.765	0.8325	0.9	0.4625	0.425	0.4625	0.5	0.30525	0.2805	0.30525	0.33	0.37	0.34	0.37	0.4	0.555	0.51	0.555	0.6	0.6475	0.595	0.6475	0.7	0.37	0.34	0.37	0.4	0.30525	0.2805	0.30525	0.33	0.4625	0.425	0.4625	0.5	0.6475	0.595	0.6475	0.7	0.74	0.68	0.74	0.8	0.6475	0.595	0.6475	0.7	0.4625	0.425	0.4625	0.5	0.555	0.51	0.555	0.6	0.6475	0.595	0.6475	0.7	0.8325	0.765	0.8325	0.9	0.925	0.85	0.925	1	1
