31
0.00 71.55 69.63 86.28 60.59 71.33 54.25 58.86 70.08 69.82 71.26 72.07 72.91 54.57 71.58 71.14 95.19 65.42 76.13 71.45 71.81 89.74 73.99 63.93 53.09 72.03 72.59 70.72 60.17 64.27 82.36
71.55 0.00 10.61 15.46 22.99 4.90 30.20 16.49 25.02 7.77 22.98 9.63 12.91 26.43 12.56 23.96 23.81 11.38 5.40 16.67 10.03 19.80 13.39 32.16 24.29 19.74 8.80 18.83 27.17 13.09 16.41
69.63 10.61 0.00 18.01 13.78 5.85 21.80 10.81 14.42 9.17 12.44 9.16 10.60 18.61 10.86 13.41 29.52 4.24 10.27 6.32 10.88 20.50 4.98 21.90 17.81 9.36 9.58 8.30 17.63 5.43 12.78
86.28 15.46 18.01 0.00 31.34 14.97 39.54 28.39 28.02 16.87 25.52 14.50 16.34 36.57 17.31 26.47 12.27 21.73 10.29 20.17 15.29 4.80 15.66 37.41 35.77 22.20 14.54 22.35 34.71 23.27 9.40
60.59 22.99 13.78 31.34 0.00 19.04 8.23 8.86 9.96 15.98 10.72 22.00 15.06 6.10 14.02 10.73 43.19 11.62 23.98 11.92 23.32 33.02 15.88 10.38 8.04 11.64 17.24 10.52 4.25 9.91 24.13
71.33 4.90 5.85 14.97 19.04 0.00 26.70 13.88 20.20 12.61 18.12 9.51 8.05 23.17 7.67 19.10 25.30 7.68 5.28 11.78 5.14 18.56 8.60 27.69 21.60 14.85 12.38 13.97 23.09 9.42 13.12
54.25 30.20 21.80 39.54 8.23 26.70 0.00 14.16 16.07 23.76 17.66 29.43 23.29 12.41 22.24 17.33 51.30 19.05 31.81 20.07 30.53 41.25 24.11 10.44 7.76 19.40 25.30 18.46 6.05 17.29 32.32
58.86 16.49 10.81 28.39 8.86 13.88 14.16 0.00 16.66 11.52 16.18 16.02 14.09 10.18 12.74 16.69 39.18 6.70 19.16 13.41 16.83 31.24 15.18 19.23 7.81 15.09 13.99 13.59 12.88 5.41 23.50
70.08 25.02 14.42 28.02 9.96 20.20 16.07 16.66 0.00 17.25 15.05 23.53 12.92 15.61 12.73 10.43 40.29 15.21 23.76 8.66 25.29 28.28 13.08 9.67 18.00 5.93 16.79 6.32 10.03 14.23 19.15
69.82 7.77 9.17 16.87 15.98 12.61 23.76 11.52 17.25 0.00 15.27 6.37 5.91 20.34 5.15 16.24 27.85 4.93 8.05 9.07 8.06 19.93 6.75 24.57 19.05 12.14 11.35 11.12 19.99 6.61 13.18
71.26 22.98 12.44 25.52 10.72 18.12 17.66 16.18 15.05 15.27 0.00 21.44 10.60 16.69 10.53 13.79 37.79 13.78 21.45 6.39 23.24 25.81 10.67 12.11 18.62 17.72 14.56 16.95 11.66 13.02 16.66
72.07 9.63 9.16 14.50 22.00 9.51 29.43 16.02 23.53 6.37 21.44 0.00 11.24 25.76 10.96 22.43 23.60 10.43 4.22 15.09 9.53 18.65 11.68 30.92 23.84 18.15 7.11 17.29 26.12 12.18 14.78
72.91 12.91 10.60 16.34 15.06 8.05 23.29 14.09 12.92 5.91 10.60 11.24 0.00 20.57 11.06 11.61 28.39 7.93 10.86 4.28 13.12 18.04 8.87 21.57 20.42 7.14 12.45 6.64 18.38 8.73 9.54
54.57 26.43 18.61 36.57 6.10 23.17 12.41 10.18 15.61 20.34 16.69 25.76 20.57 0.00 19.41 16.59 48.10 15.50 28.37 17.83 26.77 38.61 21.49 12.51 14.14 17.74 22.13 16.58 6.36 13.76 29.91
71.58 12.56 10.86 17.31 14.02 7.67 22.24 12.74 12.73 5.15 10.53 10.96 11.06 19.41 0.00 11.53 29.25 6.62 11.09 14.22 12.80 19.22 11.89 21.01 19.15 7.19 13.91 6.42 17.49 7.38 10.85
71.14 23.96 13.41 26.47 10.73 19.10 17.33 16.69 10.43 16.24 13.79 22.43 11.61 16.59 11.53 0.00 38.73 14.60 22.47 7.40 24.23 26.68 11.68 11.28 18.72 4.50 15.57 5.14 11.30 13.78 17.55
95.19 23.81 29.52 12.27 43.19 25.30 51.30 39.18 40.29 27.85 37.79 23.60 28.39 48.10 29.25 38.73 0.00 32.77 20.03 32.36 23.52 13.28 27.80 49.66 46.86 34.47 26.01 34.58 46.74 34.45 21.46
65.42 11.38 4.24 21.73 11.62 7.68 19.05 6.70 15.21 4.93 13.78 10.43 7.93 15.50 6.62 14.60 32.77 0.00 12.89 8.78 11.71 24.54 9.03 21.04 14.11 11.41 7.29 10.02 15.80 9.66 17.01
76.13 5.40 10.27 10.29 23.98 5.28 31.81 19.16 23.76 8.05 21.45 4.22 10.86 28.37 11.09 22.47 20.03 12.89 0.00 15.11 5.31 14.44 10.89 32.02 26.88 17.99 7.09 17.45 27.89 14.61 11.51
71.45 16.67 6.32 20.17 11.92 11.78 20.07 13.41 8.66 9.07 6.39 15.09 4.28 17.83 14.22 7.40 32.36 8.78 15.11 0.00 16.92 21.29 4.59 17.39 18.41 11.43 8.17 10.92 14.73 8.72 12.26
71.81 10.03 10.88 15.29 23.32 5.14 30.53 16.83 25.29 8.06 23.24 9.53 13.12 26.77 12.80 24.23 23.52 11.71 5.31 16.92 0.00 19.66 13.58 32.47 24.63 19.99 9.00 19.09 27.49 13.42 16.43
89.74 19.80 20.50 4.80 33.02 18.56 41.25 31.24 28.28 19.93 25.81 18.65 18.04 38.61 19.22 26.68 13.28 24.54 14.44 21.29 19.66 0.00 17.15 37.91 38.26 22.77 17.26 23.24 36.02 25.92 9.17
73.99 13.39 4.98 15.66 15.88 8.60 24.11 15.18 13.08 6.75 10.67 11.68 8.87 21.49 11.89 11.68 27.80 9.03 10.89 4.59 13.58 17.15 0.00 21.98 21.43 7.18 4.60 6.91 19.07 9.83 8.52
63.93 32.16 21.90 37.41 10.38 27.69 10.44 19.23 9.67 24.57 12.11 30.92 21.57 12.51 21.01 11.28 49.66 21.04 32.02 17.39 32.47 37.91 21.98 0.00 16.30 15.23 24.93 15.10 6.62 19.51 28.75
53.09 24.29 17.81 35.77 8.04 21.60 7.76 7.81 18.00 19.05 18.62 23.84 20.42 14.14 19.15 18.72 46.86 14.11 26.88 18.41 24.63 38.26 21.43 16.30 0.00 18.97 21.23 17.64 9.85 12.51 29.95
72.03 19.74 9.36 22.20 11.64 14.85 19.40 15.09 5.93 12.14 17.72 18.15 7.14 17.74 7.19 4.50 34.47 11.41 17.99 11.43 19.99 22.77 7.18 15.23 18.97 0.00 11.17 9.64 13.64 11.02 13.60
72.59 8.80 9.58 14.54 17.24 12.38 25.30 13.99 16.79 11.35 14.56 7.11 12.45 22.13 13.91 15.57 26.01 7.29 7.09 8.17 9.00 17.26 4.60 24.93 21.23 11.17 0.00 10.47 21.00 8.74 10.24
70.72 18.83 8.30 22.35 10.52 13.97 18.46 13.59 6.32 11.12 16.95 17.29 6.64 16.58 6.42 5.14 34.58 10.02 17.45 10.92 19.09 23.24 6.91 15.10 17.64 9.64 10.47 0.00 12.87 9.56 14.10
60.17 27.17 17.63 34.71 4.25 23.09 6.05 12.88 10.03 19.99 11.66 26.12 18.38 6.36 17.49 11.30 46.74 15.80 27.89 14.73 27.49 36.02 19.07 6.62 9.85 13.64 21.00 12.87 0.00 14.11 26.94
64.27 13.09 5.43 23.27 9.91 9.42 17.29 5.41 14.23 6.61 13.02 12.18 8.73 13.76 7.38 13.78 34.45 9.66 14.61 8.72 13.42 25.92 9.83 19.51 12.51 11.02 8.74 9.56 14.11 0.00 18.09
82.36 16.41 12.78 9.40 24.13 13.12 32.32 23.50 19.15 13.18 16.66 14.78 9.54 29.91 10.85 17.55 21.46 17.01 11.51 12.26 16.43 9.17 8.52 28.75 29.95 13.60 10.24 14.10 26.94 18.09 0.00
0	0	1700	0	0	0
1	40	120	1	0	13
2	57	137	1	0	16
3	85	165	1	0	19
4	171	251	1	0	21
5	241	321	1	0	29
6	308	388	1	0	7
7	332	412	-1	6	0
8	359	439	1	0	25
9	387	467	1	0	17
10	429	509	1	0	22
11	496	576	1	0	15
12	522	602	1	0	30
13	564	644	-1	1	0
14	596	676	1	0	27
15	613	693	-1	11	0
16	667	747	-1	2	0
17	715	795	-1	9	0
18	739	819	1	0	28
19	780	860	-1	3	0
20	821	901	1	0	26
21	864	944	-1	4	0
22	895	975	-1	10	0
23	933	1013	1	0	24
24	956	1036	-1	23	0
25	980	1060	-1	8	0
26	995	1075	-1	20	0
27	1010	1090	-1	14	0
28	1028	1108	-1	18	0
29	1043	1123	-1	5	0
30	1066	1146	-1	12	0
C:
0 3 3 3 3 3 3 3 3 3 3 3 3 3 3 3 3 3 3 3 3 3 3 3 3 3 3 3 3 3 3 3
1 0 1 1 1 1 1 1 1 1 1 1 1 1 1 1 1 1 1 1 1 1 1 1 1 1 1 1 1 1 1 1
1 1 0 1 1 1 1 1 1 1 1 1 1 1 1 1 1 1 1 1 1 1 1 1 1 1 1 1 1 1 1 1
2 2 2 0 2 2 2 2 2 2 2 2 2 2 2 2 2 2 2 2 2 2 2 2 2 2 2 2 2 2 2 2
1 1 1 1 0 1 1 1 1 1 1 1 1 1 1 1 1 1 1 1 1 1 1 1 1 1 1 1 1 1 1 1
1 1 1 1 1 0 1 1 1 1 1 1 1 1 1 1 1 1 1 1 1 1 1 1 1 1 1 1 1 1 1 1
2 2 2 2 2 2 0 2 2 2 2 2 2 2 2 2 2 2 2 2 2 2 2 2 2 2 2 2 2 2 2 2
1 1 1 1 1 1 1 0 1 1 1 1 1 1 1 1 1 1 1 1 1 1 1 1 1 1 1 1 1 1 1 1
1 1 1 1 1 1 1 1 0 1 1 1 1 1 1 1 1 1 1 1 1 1 1 1 1 1 1 1 1 1 1 1
1 1 1 1 1 1 1 1 1 0 1 1 1 1 1 1 1 1 1 1 1 1 1 1 1 1 1 1 1 1 1 1
1 1 1 1 1 1 1 1 1 1 0 1 1 1 1 1 1 1 1 1 1 1 1 1 1 1 1 1 1 1 1 1
1 1 1 1 1 1 1 1 1 1 1 0 1 1 1 1 1 1 1 1 1 1 1 1 1 1 1 1 1 1 1 1
1 1 1 1 1 1 1 1 1 1 1 1 0 1 1 1 1 1 1 1 1 1 1 1 1 1 1 1 1 1 1 1
2 2 2 2 2 2 2 2 2 2 2 2 2 0 2 2 2 2 2 2 2 2 2 2 2 2 2 2 2 2 2 2
1 1 1 1 1 1 1 1 1 1 1 1 1 1 0 1 1 1 1 1 1 1 1 1 1 1 1 1 1 1 1 1
1 1 1 1 1 1 1 1 1 1 1 1 1 1 1 0 1 1 1 1 1 1 1 1 1 1 1 1 1 1 1 1
3 3 3 3 3 3 3 3 3 3 3 3 3 3 3 3 0 3 3 3 3 3 3 3 3 3 3 3 3 3 3 3
1 1 1 1 1 1 1 1 1 1 1 1 1 1 1 1 1 0 1 1 1 1 1 1 1 1 1 1 1 1 1 1
1 1 1 1 1 1 1 1 1 1 1 1 1 1 1 1 1 1 0 1 1 1 1 1 1 1 1 1 1 1 1 1
1 1 1 1 1 1 1 1 1 1 1 1 1 1 1 1 1 1 1 0 1 1 1 1 1 1 1 1 1 1 1 1
1 1 1 1 1 1 1 1 1 1 1 1 1 1 1 1 1 1 1 1 0 1 1 1 1 1 1 1 1 1 1 1
2 2 2 2 2 2 2 2 2 2 2 2 2 2 2 2 2 2 2 2 2 0 2 2 2 2 2 2 2 2 2 2
1 1 1 1 1 1 1 1 1 1 1 1 1 1 1 1 1 1 1 1 1 1 0 1 1 1 1 1 1 1 1 1
2 2 2 2 2 2 2 2 2 2 2 2 2 2 2 2 2 2 2 2 2 2 2 0 2 2 2 2 2 2 2 2
2 2 2 2 2 2 2 2 2 2 2 2 2 2 2 2 2 2 2 2 2 2 2 2 0 2 2 2 2 2 2 2
1 1 1 1 1 1 1 1 1 1 1 1 1 1 1 1 1 1 1 1 1 1 1 1 1 0 1 1 1 1 1 1
1 1 1 1 1 1 1 1 1 1 1 1 1 1 1 1 1 1 1 1 1 1 1 1 1 1 0 1 1 1 1 1
1 1 1 1 1 1 1 1 1 1 1 1 1 1 1 1 1 1 1 1 1 1 1 1 1 1 1 0 1 1 1 1
2 2 2 2 2 2 2 2 2 2 2 2 2 2 2 2 2 2 2 2 2 2 2 2 2 2 2 2 0 2 2 2
1 1 1 1 1 1 1 1 1 1 1 1 1 1 1 1 1 1 1 1 1 1 1 1 1 1 1 1 1 0 1 1
1 1 1 1 1 1 1 1 1 1 1 1 1 1 1 1 1 1 1 1 1 1 1 1 1 1 1 1 1 1 0 1
3 3 3 3 3 3 3 3 3 3 3 3 3 3 3 3 3 3 3 3 3 3 3 3 3 3 3 3 3 3 3 0
Time:
0	15
15	30
30	45
45	60
60	75
75	90
90	105
105	120
120	135
135	150
150	165
165	180
180	195
195	210
210	225
225	240
240	255
255	270
270	285
285	300
300	315
315	330
330	345
345	360
360	375
375	390
390	405
405	420
420	435
435	450
450	465
465	480
480	495
495	510
510	525
525	540
540	555
555	570
570	585
585	600
600	615
615	630
630	645
645	660
660	675
675	690
690	705
705	720
720	735
735	750
750	765
765	780
780	795
795	810
810	825
825	840
840	855
855	870
870	885
885	900
900	915
915	930
930	945
945	960
960	975
975	990
990	1005
1005	1020
1020	1035
1035	1050
1050	1065
1065	1080
1080	2000
Speed:
0.925	0.85	0.925	1	0.8325	0.765	0.8325	0.9	0.4625	0.425	0.4625	0.5	0.30525	0.2805	0.30525	0.33	0.37	0.34	0.37	0.4	0.555	0.51	0.555	0.6	0.6475	0.595	0.6475	0.7	0.37	0.34	0.37	0.4	0.30525	0.2805	0.30525	0.33	0.4625	0.425	0.4625	0.5	0.6475	0.595	0.6475	0.7	0.74	0.68	0.74	0.8	0.6475	0.595	0.6475	0.7	0.4625	0.425	0.4625	0.5	0.555	0.51	0.555	0.6	0.6475	0.595	0.6475	0.7	0.8325	0.765	0.8325	0.9	0.925	0.85	0.925	1	1
0.925	0.85	0.925	1	0.8325	0.765	0.8325	0.9	0.4625	0.425	0.4625	0.5	0.30525	0.2805	0.30525	0.33	0.37	0.34	0.37	0.4	0.555	0.51	0.555	0.6	0.6475	0.595	0.6475	0.7	0.37	0.34	0.37	0.4	0.30525	0.2805	0.30525	0.33	0.4625	0.425	0.4625	0.5	0.6475	0.595	0.6475	0.7	0.74	0.68	0.74	0.8	0.6475	0.595	0.6475	0.7	0.4625	0.425	0.4625	0.5	0.555	0.51	0.555	0.6	0.6475	0.595	0.6475	0.7	0.8325	0.765	0.8325	0.9	0.925	0.85	0.925	1	1
0.925	0.85	0.925	1	0.8325	0.765	0.8325	0.9	0.4625	0.425	0.4625	0.5	0.30525	0.2805	0.30525	0.33	0.37	0.34	0.37	0.4	0.555	0.51	0.555	0.6	0.6475	0.595	0.6475	0.7	0.37	0.34	0.37	0.4	0.30525	0.2805	0.30525	0.33	0.4625	0.425	0.4625	0.5	0.6475	0.595	0.6475	0.7	0.74	0.68	0.74	0.8	0.6475	0.595	0.6475	0.7	0.4625	0.425	0.4625	0.5	0.555	0.51	0.555	0.6	0.6475	0.595	0.6475	0.7	0.8325	0.765	0.8325	0.9	0.925	0.85	0.925	1	1
