31
0.00 68.80 41.16 83.15 73.21 74.86 80.84 85.62 60.84 50.60 76.96 44.19 106.54 59.68 49.06 75.60 97.37 64.78 50.61 55.46 84.20 73.77 100.20 74.74 73.53 63.08 98.69 68.07 68.20 101.37 58.23
68.80 0.00 36.70 21.10 10.75 35.59 16.34 17.54 12.15 40.56 8.18 35.15 37.77 11.55 39.41 54.00 29.88 9.41 31.74 45.32 21.85 10.02 37.26 21.72 20.41 9.95 31.27 33.60 6.85 35.48 26.37
41.16 36.70 0.00 44.50 45.45 33.76 52.53 50.14 25.20 12.11 43.71 15.93 71.43 25.22 10.05 38.34 60.38 29.09 9.47 18.87 45.54 45.34 73.65 34.81 33.80 27.70 61.58 26.98 32.97 72.18 17.45
83.15 21.10 44.50 0.00 28.45 24.15 28.91 12.08 22.75 42.29 16.88 41.88 29.17 24.40 42.15 44.16 16.72 19.23 36.03 44.11 22.64 27.19 43.92 10.86 11.26 20.92 17.70 26.51 16.92 38.68 27.85
73.21 10.75 45.45 28.45 0.00 46.04 7.68 20.30 22.38 50.63 11.62 44.31 36.12 21.27 49.33 64.72 31.81 20.10 41.63 55.72 28.93 15.03 28.42 31.66 30.48 20.44 33.15 44.33 17.51 28.28 36.90
74.86 35.59 33.76 24.15 46.04 0.00 49.44 35.72 27.45 25.56 36.53 30.74 52.56 29.63 26.53 20.07 39.76 27.29 24.44 24.11 24.74 45.06 67.25 15.02 15.87 27.89 40.41 6.79 28.75 62.55 18.13
80.84 16.34 52.53 28.91 7.68 49.44 0.00 18.33 28.49 56.90 12.93 51.20 30.03 27.74 55.74 68.86 28.00 25.56 48.05 61.58 29.11 7.36 21.12 34.52 33.58 26.27 29.23 48.67 22.29 20.61 42.59
85.62 17.54 50.14 12.08 20.30 35.72 18.33 0.00 25.40 50.48 9.80 47.93 21.36 26.15 49.94 55.79 12.36 21.36 42.92 53.43 11.90 19.00 31.85 21.18 20.90 22.96 13.76 37.07 17.63 26.82 35.41
60.84 12.15 25.20 22.75 22.38 27.45 28.49 25.40 0.00 28.41 18.53 23.36 46.74 16.40 27.26 43.86 36.62 21.56 19.59 33.34 23.78 21.88 49.38 17.20 15.68 13.21 37.92 23.78 7.85 47.26 14.60
50.60 40.56 12.11 42.29 50.63 25.56 56.90 50.48 28.41 0.00 46.11 10.10 71.00 29.36 15.84 26.39 58.95 31.53 9.10 6.88 43.25 50.22 77.68 31.56 31.02 30.65 59.98 19.02 35.19 75.09 15.09
76.96 8.18 43.71 16.88 11.62 36.53 12.93 9.80 18.53 46.11 0.00 41.87 29.59 18.62 45.22 56.08 22.13 14.80 37.72 50.13 17.32 10.34 31.96 21.59 20.67 16.04 23.52 36.05 10.97 28.98 31.24
44.19 35.15 15.93 41.88 44.31 30.74 51.20 47.93 23.36 10.10 41.87 0.00 69.16 23.60 8.02 35.90 57.92 27.13 6.46 16.98 42.92 44.11 72.30 32.02 31.06 25.84 59.10 23.97 31.02 70.56 14.55
106.54 37.77 71.43 29.17 36.12 52.56 30.03 21.36 46.74 71.00 29.59 69.16 0.00 47.42 70.65 72.01 12.80 42.71 63.92 73.23 28.34 35.09 27.69 40.00 40.23 44.29 12.27 55.63 38.94 20.21 56.11
59.68 11.55 25.22 24.40 21.27 29.63 27.74 26.15 16.40 29.36 18.62 23.60 47.42 0.00 28.09 45.78 37.69 5.21 20.39 34.58 25.41 20.88 48.77 19.34 17.83 13.91 39.02 25.81 8.55 46.98 16.14
49.06 39.41 10.05 42.15 49.33 26.53 55.74 49.94 27.26 15.84 45.22 8.02 70.65 28.09 0.00 28.37 58.75 30.53 7.70 8.96 43.14 48.97 76.62 31.54 30.91 29.56 59.81 19.86 34.26 74.19 14.55
75.60 54.00 38.34 44.16 64.72 20.07 68.86 55.79 43.86 26.39 56.08 35.90 72.01 45.78 28.37 0.00 59.23 44.92 31.70 20.35 44.70 63.86 87.23 34.91 35.57 45.04 59.75 20.40 47.21 82.61 30.33
97.37 29.88 60.38 16.72 31.81 39.76 28.00 12.36 36.62 58.95 22.13 57.92 12.80 37.69 58.75 59.23 0.00 32.63 52.35 60.81 15.81 30.56 34.45 27.58 27.95 34.31 25.07 42.97 29.17 27.63 44.30
64.78 9.41 29.09 19.23 20.10 27.29 25.56 21.36 21.56 31.53 14.80 27.13 42.71 5.21 30.53 44.92 32.63 0.00 22.96 36.01 20.23 19.42 46.16 15.19 13.69 19.12 33.94 24.55 13.76 43.71 17.03
50.61 31.74 9.47 36.03 41.63 24.44 48.05 42.92 19.59 9.10 37.72 6.46 63.92 20.39 7.70 31.70 52.35 22.96 0.00 15.16 37.06 41.27 68.97 25.87 25.01 21.93 53.48 17.72 26.75 66.67 8.29
55.46 45.32 18.87 44.11 55.72 24.11 61.58 53.43 33.34 6.88 50.13 16.98 73.23 34.58 8.96 20.35 60.81 36.01 15.16 0.00 45.00 55.20 82.02 33.25 33.02 35.37 61.73 18.48 39.44 78.94 19.00
84.20 21.85 45.54 22.64 28.93 24.74 29.11 11.90 23.78 43.25 17.32 42.92 28.34 25.41 43.14 44.70 15.81 20.23 37.06 45.00 0.00 27.65 43.68 11.77 12.24 21.92 16.76 27.30 17.85 38.31 28.86
73.77 10.02 45.34 27.19 15.03 45.06 7.36 19.00 21.88 50.22 10.34 44.11 35.09 20.88 48.97 63.86 30.56 19.42 41.27 55.20 27.65 0.00 28.37 30.59 29.43 19.86 31.90 43.48 16.66 27.89 36.32
100.20 37.26 73.65 43.92 28.42 67.25 21.12 31.85 49.38 77.68 31.96 72.30 27.69 48.77 76.62 87.23 34.45 46.16 68.97 82.02 43.68 28.37 0.00 52.32 51.72 47.06 35.02 67.69 42.60 7.48 63.05
74.74 21.72 34.81 10.86 31.66 15.02 34.52 21.18 17.20 31.56 21.59 32.02 40.00 19.34 31.54 34.91 27.58 15.19 25.87 33.25 11.77 30.59 52.32 0.00 22.13 16.43 28.53 15.95 15.22 47.88 17.58
73.53 20.41 33.80 11.26 30.48 15.87 33.58 20.90 15.68 31.02 20.67 31.06 40.23 17.83 30.91 35.57 27.95 13.69 25.01 33.02 12.24 29.43 51.72 22.13 0.00 14.92 28.96 16.19 13.83 47.45 16.74
63.08 9.95 27.70 20.92 20.44 27.89 26.27 22.96 13.21 30.65 16.04 25.84 44.29 13.91 29.56 45.04 34.31 19.12 21.93 35.37 21.92 19.86 47.06 16.43 14.92 0.00 35.63 24.76 5.36 44.82 16.47
98.69 31.27 61.58 17.70 33.15 40.41 29.23 13.76 37.92 59.98 23.52 59.10 12.27 39.02 59.81 59.75 25.07 33.94 53.48 61.73 16.76 31.90 35.02 28.53 28.96 35.63 0.00 43.80 30.51 28.08 45.40
68.07 33.60 26.98 26.51 44.33 6.79 48.67 37.07 23.78 19.02 36.05 23.97 55.63 25.81 19.86 20.40 42.97 24.55 17.72 18.48 27.30 43.48 67.69 15.95 16.19 24.76 43.80 0.00 26.83 63.61 12.09
68.20 6.85 32.97 16.92 17.51 28.75 22.29 17.63 7.85 35.19 10.97 31.02 38.94 8.55 34.26 47.21 29.17 13.76 26.75 39.44 17.85 16.66 42.60 15.22 13.83 5.36 30.51 26.83 0.00 39.94 20.46
101.37 35.48 72.18 38.68 28.28 62.55 20.61 26.82 47.26 75.09 28.98 70.56 20.21 46.98 74.19 82.61 27.63 43.71 66.67 78.94 38.31 27.89 7.48 47.88 47.45 44.82 28.08 63.61 39.94 0.00 60.16
58.23 26.37 17.45 27.85 36.90 18.13 42.59 35.41 14.60 15.09 31.24 14.55 56.11 16.14 14.55 30.33 44.30 17.03 8.29 19.00 28.86 36.32 63.05 17.58 16.74 16.47 45.40 12.09 20.46 60.16 0.00
0	0	2000	0	0	0
1	37	117	1	0	28
2	101	181	1	0	9
3	222	302	1	0	19
4	300	380	1	0	6
5	375	455	1	0	26
6	511	591	-1	4	0
7	552	632	1	0	23
8	594	674	1	0	25
9	635	715	-1	2	0
10	700	780	1	0	21
11	797	877	1	0	20
12	913	993	1	0	15
13	972	1052	1	0	29
14	1012	1092	1	0	27
15	1041	1121	-1	12	0
16	1100	1180	1	0	30
17	1133	1213	1	0	22
18	1162	1242	1	0	24
19	1177	1257	-1	3	0
20	1222	1302	-1	11	0
21	1256	1336	-1	10	0
22	1288	1368	-1	17	0
23	1340	1420	-1	7	0
24	1368	1448	-1	18	0
25	1386	1466	-1	8	0
26	1431	1511	-1	5	0
27	1475	1555	-1	14	0
28	1505	1585	-1	1	0
29	1555	1635	-1	13	0
30	1615	1695	-1	16	0
C:
0 3 3 3 3 3 3 3 3 3 3 3 3 3 3 3 3 3 3 3 3 3 3 3 3 3 3 3 3 3 3 3
1 0 1 1 1 1 1 1 1 1 1 1 1 1 1 1 1 1 1 1 1 1 1 1 1 1 1 1 1 1 1 1
3 3 0 3 3 3 3 3 3 3 3 3 3 3 3 3 3 3 3 3 3 3 3 3 3 3 3 3 3 3 3 3
1 1 1 0 1 1 1 1 1 1 1 1 1 1 1 1 1 1 1 1 1 1 1 1 1 1 1 1 1 1 1 1
2 2 2 2 0 2 2 2 2 2 2 2 2 2 2 2 2 2 2 2 2 2 2 2 2 2 2 2 2 2 2 2
2 2 2 2 2 0 2 2 2 2 2 2 2 2 2 2 2 2 2 2 2 2 2 2 2 2 2 2 2 2 2 2
3 3 3 3 3 3 0 3 3 3 3 3 3 3 3 3 3 3 3 3 3 3 3 3 3 3 3 3 3 3 3 3
2 2 2 2 2 2 2 0 2 2 2 2 2 2 2 2 2 2 2 2 2 2 2 2 2 2 2 2 2 2 2 2
1 1 1 1 1 1 1 1 0 1 1 1 1 1 1 1 1 1 1 1 1 1 1 1 1 1 1 1 1 1 1 1
3 3 3 3 3 3 3 3 3 0 3 3 3 3 3 3 3 3 3 3 3 3 3 3 3 3 3 3 3 3 3 3
1 1 1 1 1 1 1 1 1 1 0 1 1 1 1 1 1 1 1 1 1 1 1 1 1 1 1 1 1 1 1 1
3 3 3 3 3 3 3 3 3 3 3 0 3 3 3 3 3 3 3 3 3 3 3 3 3 3 3 3 3 3 3 3
3 3 3 3 3 3 3 3 3 3 3 3 0 3 3 3 3 3 3 3 3 3 3 3 3 3 3 3 3 3 3 3
1 1 1 1 1 1 1 1 1 1 1 1 1 0 1 1 1 1 1 1 1 1 1 1 1 1 1 1 1 1 1 1
3 3 3 3 3 3 3 3 3 3 3 3 3 3 0 3 3 3 3 3 3 3 3 3 3 3 3 3 3 3 3 3
3 3 3 3 3 3 3 3 3 3 3 3 3 3 3 0 3 3 3 3 3 3 3 3 3 3 3 3 3 3 3 3
3 3 3 3 3 3 3 3 3 3 3 3 3 3 3 3 0 3 3 3 3 3 3 3 3 3 3 3 3 3 3 3
1 1 1 1 1 1 1 1 1 1 1 1 1 1 1 1 1 0 1 1 1 1 1 1 1 1 1 1 1 1 1 1
3 3 3 3 3 3 3 3 3 3 3 3 3 3 3 3 3 3 0 3 3 3 3 3 3 3 3 3 3 3 3 3
3 3 3 3 3 3 3 3 3 3 3 3 3 3 3 3 3 3 3 0 3 3 3 3 3 3 3 3 3 3 3 3
1 1 1 1 1 1 1 1 1 1 1 1 1 1 1 1 1 1 1 1 0 1 1 1 1 1 1 1 1 1 1 1
2 2 2 2 2 2 2 2 2 2 2 2 2 2 2 2 2 2 2 2 2 0 2 2 2 2 2 2 2 2 2 2
3 3 3 3 3 3 3 3 3 3 3 3 3 3 3 3 3 3 3 3 3 3 0 3 3 3 3 3 3 3 3 3
1 1 1 1 1 1 1 1 1 1 1 1 1 1 1 1 1 1 1 1 1 1 1 0 1 1 1 1 1 1 1 1
1 1 1 1 1 1 1 1 1 1 1 1 1 1 1 1 1 1 1 1 1 1 1 1 0 1 1 1 1 1 1 1
1 1 1 1 1 1 1 1 1 1 1 1 1 1 1 1 1 1 1 1 1 1 1 1 1 0 1 1 1 1 1 1
3 3 3 3 3 3 3 3 3 3 3 3 3 3 3 3 3 3 3 3 3 3 3 3 3 3 0 3 3 3 3 3
2 2 2 2 2 2 2 2 2 2 2 2 2 2 2 2 2 2 2 2 2 2 2 2 2 2 2 0 2 2 2 2
1 1 1 1 1 1 1 1 1 1 1 1 1 1 1 1 1 1 1 1 1 1 1 1 1 1 1 1 0 1 1 1
3 3 3 3 3 3 3 3 3 3 3 3 3 3 3 3 3 3 3 3 3 3 3 3 3 3 3 3 3 0 3 3
2 2 2 2 2 2 2 2 2 2 2 2 2 2 2 2 2 2 2 2 2 2 2 2 2 2 2 2 2 2 0 2
3 3 3 3 3 3 3 3 3 3 3 3 3 3 3 3 3 3 3 3 3 3 3 3 3 3 3 3 3 3 3 0
Time:
0	15
15	30
30	45
45	60
60	75
75	90
90	105
105	120
120	135
135	150
150	165
165	180
180	195
195	210
210	225
225	240
240	255
255	270
270	285
285	300
300	315
315	330
330	345
345	360
360	375
375	390
390	405
405	420
420	435
435	450
450	465
465	480
480	495
495	510
510	525
525	540
540	555
555	570
570	585
585	600
600	615
615	630
630	645
645	660
660	675
675	690
690	705
705	720
720	735
735	750
750	765
765	780
780	795
795	810
810	825
825	840
840	855
855	870
870	885
885	900
900	915
915	930
930	945
945	960
960	975
975	990
990	1005
1005	1020
1020	1035
1035	1050
1050	1065
1065	1080
1080	2000
Speed:
0.925	0.85	0.925	1	0.8325	0.765	0.8325	0.9	0.4625	0.425	0.4625	0.5	0.30525	0.2805	0.30525	0.33	0.37	0.34	0.37	0.4	0.555	0.51	0.555	0.6	0.6475	0.595	0.6475	0.7	0.37	0.34	0.37	0.4	0.30525	0.2805	0.30525	0.33	0.4625	0.425	0.4625	0.5	0.6475	0.595	0.6475	0.7	0.74	0.68	0.74	0.8	0.6475	0.595	0.6475	0.7	0.4625	0.425	0.4625	0.5	0.555	0.51	0.555	0.6	0.6475	0.595	0.6475	0.7	0.8325	0.765	0.8325	0.9	0.925	0.85	0.925	1	1
0.925	0.85	0.925	1	0.8325	0.765	0.8325	0.9	0.4625	0.425	0.4625	0.5	0.30525	0.2805	0.30525	0.33	0.37	0.34	0.37	0.4	0.555	0.51	0.555	0.6	0.6475	0.595	0.6475	0.7	0.37	0.34	0.37	0.4	0.30525	0.2805	0.30525	0.33	0.4625	0.425	0.4625	0.5	0.6475	0.595	0.6475	0.7	0.74	0.68	0.74	0.8	0.6475	0.595	0.6475	0.7	0.4625	0.425	0.4625	0.5	0.555	0.51	0.555	0.6	0.6475	0.595	0.6475	0.7	0.8325	0.765	0.8325	0.9	0.925	0.85	0.925	1	1
0.925	0.85	0.925	1	0.8325	0.765	0.8325	0.9	0.4625	0.425	0.4625	0.5	0.30525	0.2805	0.30525	0.33	0.37	0.34	0.37	0.4	0.555	0.51	0.555	0.6	0.6475	0.595	0.6475	0.7	0.37	0.34	0.37	0.4	0.30525	0.2805	0.30525	0.33	0.4625	0.425	0.4625	0.5	0.6475	0.595	0.6475	0.7	0.74	0.68	0.74	0.8	0.6475	0.595	0.6475	0.7	0.4625	0.425	0.4625	0.5	0.555	0.51	0.555	0.6	0.6475	0.595	0.6475	0.7	0.8325	0.765	0.8325	0.9	0.925	0.85	0.925	1	1
