31
0.00 75.90 56.17 69.06 72.20 91.91 72.12 64.25 66.60 72.15 66.91 70.16 69.92 83.64 69.82 73.24 66.87 74.51 75.94 75.92 63.93 71.43 75.54 79.87 73.22 66.17 58.50 77.89 74.48 71.37 67.66
75.90 0.00 19.83 7.21 12.06 21.42 4.31 11.77 9.30 13.87 9.44 9.61 16.19 8.39 6.36 11.46 9.41 14.25 10.08 10.28 12.31 7.84 18.42 21.41 12.07 9.73 17.41 10.41 7.32 4.53 8.69
56.17 19.83 0.00 13.46 16.04 38.54 15.96 8.74 10.57 16.11 11.59 16.39 17.64 27.90 14.10 17.38 10.71 23.17 20.41 22.52 8.87 15.69 26.31 31.08 17.14 10.16 14.88 21.80 20.04 15.36 12.25
69.06 7.21 13.46 0.00 4.85 25.38 5.23 4.83 10.58 11.10 10.38 5.26 16.56 14.60 9.70 4.25 5.17 12.51 6.97 10.18 5.17 8.70 16.60 20.76 4.86 11.04 10.89 9.16 7.09 10.51 9.96
72.20 12.06 16.04 4.85 0.00 25.10 9.17 8.53 5.73 11.30 6.79 9.21 13.41 12.38 10.67 9.10 5.45 15.51 6.25 12.13 9.28 4.86 19.75 23.36 9.71 6.19 13.71 5.86 8.81 10.53 6.14
91.91 21.42 38.54 25.38 25.10 0.00 25.55 29.83 28.71 24.07 26.99 22.36 37.26 14.09 24.94 22.33 29.86 17.46 19.01 16.25 29.68 29.23 17.47 14.79 23.51 29.00 35.94 20.21 18.50 24.55 26.38
72.12 4.31 15.96 5.23 9.17 25.55 0.00 8.67 5.80 10.74 7.07 9.72 12.85 12.69 4.47 9.47 5.29 16.07 6.76 12.69 9.46 4.30 20.31 23.92 10.09 6.25 13.67 6.10 9.37 8.85 6.46
64.25 11.77 8.74 4.83 8.53 29.83 8.67 0.00 12.06 8.06 10.05 8.02 16.50 19.42 5.57 8.99 4.84 15.29 11.79 14.00 10.00 10.46 18.95 23.52 9.18 12.48 6.14 13.76 11.33 7.26 10.01
66.60 9.30 10.57 10.58 5.73 28.71 5.80 12.06 0.00 5.56 9.92 8.23 14.28 17.35 10.27 6.85 10.13 15.64 9.99 13.55 12.65 7.57 19.61 23.93 6.62 10.02 8.11 11.29 10.50 4.80 9.21
72.15 13.87 16.11 11.10 11.30 24.07 10.74 8.06 5.56 0.00 5.90 7.66 14.95 11.88 11.15 10.70 5.93 13.91 5.07 10.60 8.65 6.44 18.15 21.80 9.72 5.99 13.67 5.74 7.27 9.60 5.18
66.91 9.44 11.59 10.38 6.79 26.99 7.07 10.05 9.92 5.90 0.00 5.52 17.15 16.73 10.43 6.47 5.21 12.93 9.04 11.27 11.12 9.93 16.80 21.22 7.02 10.34 9.00 11.39 8.50 5.12 9.53
70.16 9.61 16.39 5.26 9.21 22.36 9.72 8.02 8.23 7.66 5.52 0.00 21.80 14.38 5.60 6.79 10.32 7.42 7.19 6.16 7.58 13.71 11.40 15.72 8.40 8.28 13.83 11.07 4.38 7.28 5.25
69.92 16.19 17.64 16.56 13.41 37.26 12.85 16.50 14.28 14.95 17.15 21.80 0.00 23.33 16.22 16.62 11.98 28.75 19.41 25.54 17.60 8.57 32.96 36.74 14.89 14.48 16.95 17.09 22.21 14.96 16.99
83.64 8.39 27.90 14.60 12.38 14.09 12.69 19.42 17.35 11.88 16.73 14.38 23.33 0.00 13.86 10.51 17.75 14.85 7.72 10.82 19.71 15.71 18.06 19.18 10.97 17.74 25.39 6.68 10.15 12.58 15.98
69.82 6.36 14.10 9.70 10.67 24.94 4.47 5.57 10.27 11.15 10.43 5.60 16.22 13.86 0.00 12.39 5.22 12.65 6.31 10.05 5.98 8.15 16.80 20.85 10.97 10.73 11.55 8.31 6.85 10.56 10.38
73.24 11.46 17.38 4.25 9.10 22.33 9.47 8.99 6.85 10.70 6.47 6.79 16.62 10.51 12.39 0.00 7.56 12.44 9.19 8.94 9.41 8.06 16.68 20.18 9.11 7.23 14.88 4.96 5.63 10.13 5.71
66.87 9.41 10.71 5.17 5.45 29.86 5.29 4.84 10.13 5.93 5.21 10.32 11.98 17.75 5.22 7.56 0.00 17.66 10.88 15.27 5.92 5.73 21.71 25.93 6.77 10.55 8.53 11.31 12.07 5.34 5.16
74.51 14.25 23.17 12.51 15.51 17.46 16.07 15.29 15.64 13.91 12.93 7.42 28.75 14.85 12.65 12.44 17.66 0.00 10.75 4.25 14.68 20.33 4.25 8.30 14.25 15.70 20.71 14.88 6.95 13.80 12.67
75.94 10.08 20.41 6.97 6.25 19.01 6.76 11.79 9.99 5.07 9.04 7.19 19.41 7.72 6.31 9.19 10.88 10.75 0.00 6.71 12.02 10.88 14.88 17.84 4.66 10.35 17.85 4.23 11.56 5.55 8.30
75.92 10.28 22.52 10.18 12.13 16.25 12.69 14.00 13.55 10.60 11.27 6.16 25.54 10.82 10.05 8.94 15.27 4.25 6.71 0.00 13.67 16.99 8.20 11.26 10.71 13.73 19.95 10.72 10.54 10.67 10.79
63.93 12.31 8.87 5.17 9.28 29.68 9.46 10.00 12.65 8.65 11.12 7.58 17.60 19.71 5.98 9.41 5.92 14.68 12.02 13.67 0.00 11.48 18.22 22.85 9.79 13.07 6.28 14.28 11.19 7.85 11.08
71.43 7.84 15.69 8.70 4.86 29.23 4.30 10.46 7.57 6.44 9.93 13.71 8.57 15.71 8.15 8.06 5.73 20.33 10.88 16.99 11.48 0.00 24.57 28.22 6.33 7.95 13.85 9.09 13.68 6.55 9.54
75.54 18.42 26.31 16.60 19.75 17.47 20.31 18.95 19.61 18.15 16.80 11.40 32.96 18.06 16.80 16.68 21.71 4.25 14.88 8.20 18.22 24.57 0.00 4.82 18.49 19.63 23.97 18.93 11.16 18.03 16.63
79.87 21.41 31.08 20.76 23.36 14.79 23.92 23.52 23.93 21.80 21.22 15.72 36.74 19.18 20.85 20.18 25.93 8.30 17.84 11.26 22.85 28.22 4.82 0.00 21.96 24.00 28.71 21.53 14.55 21.80 20.96
73.22 12.07 17.14 4.86 9.71 23.51 10.09 9.18 6.62 9.72 7.02 8.40 14.89 10.97 10.97 9.11 6.77 14.25 4.66 10.71 9.79 6.33 18.49 21.96 0.00 7.06 14.72 4.67 7.43 10.21 6.30
66.17 9.73 10.16 11.04 6.19 29.00 6.25 12.48 10.02 5.99 10.34 8.28 14.48 17.74 10.73 7.23 10.55 15.70 10.35 13.73 13.07 7.95 19.63 24.00 7.06 0.00 7.69 11.72 10.72 5.22 9.63
58.50 17.41 14.88 10.89 13.71 35.94 13.67 6.14 8.11 13.67 9.00 13.83 16.95 25.39 11.55 14.88 8.53 20.71 17.85 19.95 6.28 13.85 23.97 28.71 14.72 7.69 0.00 19.39 17.44 12.90 9.66
77.89 10.41 21.80 9.16 5.86 20.21 6.10 13.76 11.29 5.74 11.39 11.07 17.09 6.68 8.31 4.96 11.31 14.88 4.23 10.72 14.28 9.09 18.93 21.53 4.67 11.72 19.39 0.00 8.15 6.53 10.64
74.48 7.32 20.04 7.09 8.81 18.50 9.37 11.33 10.50 7.27 8.50 4.38 22.21 10.15 6.85 5.63 12.07 6.95 11.56 10.54 11.19 13.68 11.16 14.55 7.43 10.72 17.44 8.15 0.00 7.34 7.93
71.37 4.53 15.36 10.51 10.53 24.55 8.85 7.26 4.80 9.60 5.12 7.28 14.96 12.58 10.56 10.13 5.34 13.80 5.55 10.67 7.85 6.55 18.03 21.80 10.21 5.22 12.90 6.53 7.34 0.00 4.42
67.66 8.69 12.25 9.96 6.14 26.38 6.46 10.01 9.21 5.18 9.53 5.25 16.99 15.98 10.38 5.71 5.16 12.67 8.30 10.79 11.08 9.54 16.63 20.96 6.30 9.63 9.66 10.64 7.93 4.42 0.00
0	0	1700	0	0	0
1	46	126	1	0	18
2	79	159	1	0	10
3	121	201	1	0	9
4	135	215	1	0	29
5	242	322	1	0	13
6	306	386	1	0	11
7	324	404	1	0	27
8	344	424	1	0	25
9	353	433	-1	3	0
10	362	442	-1	2	0
11	370	450	-1	6	0
12	421	501	1	0	14
13	492	572	-1	5	0
14	525	605	-1	12	0
15	552	632	1	0	30
16	566	646	1	0	20
17	594	674	1	0	28
18	610	690	-1	1	0
19	620	700	1	0	21
20	639	719	-1	16	0
21	655	735	-1	19	0
22	691	771	1	0	24
23	701	781	1	0	26
24	744	824	-1	22	0
25	767	847	-1	8	0
26	791	871	-1	23	0
27	843	923	-1	7	0
28	862	942	-1	17	0
29	879	959	-1	4	0
30	889	969	-1	15	0
C:
0 3 3 3 3 3 3 3 3 3 3 3 3 3 3 3 3 3 3 3 3 3 3 3 3 3 3 3 3 3 3 3
1 0 1 1 1 1 1 1 1 1 1 1 1 1 1 1 1 1 1 1 1 1 1 1 1 1 1 1 1 1 1 1
1 1 0 1 1 1 1 1 1 1 1 1 1 1 1 1 1 1 1 1 1 1 1 1 1 1 1 1 1 1 1 1
1 1 1 0 1 1 1 1 1 1 1 1 1 1 1 1 1 1 1 1 1 1 1 1 1 1 1 1 1 1 1 1
1 1 1 1 0 1 1 1 1 1 1 1 1 1 1 1 1 1 1 1 1 1 1 1 1 1 1 1 1 1 1 1
2 2 2 2 2 0 2 2 2 2 2 2 2 2 2 2 2 2 2 2 2 2 2 2 2 2 2 2 2 2 2 2
1 1 1 1 1 1 0 1 1 1 1 1 1 1 1 1 1 1 1 1 1 1 1 1 1 1 1 1 1 1 1 1
1 1 1 1 1 1 1 0 1 1 1 1 1 1 1 1 1 1 1 1 1 1 1 1 1 1 1 1 1 1 1 1
1 1 1 1 1 1 1 1 0 1 1 1 1 1 1 1 1 1 1 1 1 1 1 1 1 1 1 1 1 1 1 1
1 1 1 1 1 1 1 1 1 0 1 1 1 1 1 1 1 1 1 1 1 1 1 1 1 1 1 1 1 1 1 1
1 1 1 1 1 1 1 1 1 1 0 1 1 1 1 1 1 1 1 1 1 1 1 1 1 1 1 1 1 1 1 1
1 1 1 1 1 1 1 1 1 1 1 0 1 1 1 1 1 1 1 1 1 1 1 1 1 1 1 1 1 1 1 1
2 2 2 2 2 2 2 2 2 2 2 2 0 2 2 2 2 2 2 2 2 2 2 2 2 2 2 2 2 2 2 2
1 1 1 1 1 1 1 1 1 1 1 1 1 0 1 1 1 1 1 1 1 1 1 1 1 1 1 1 1 1 1 1
1 1 1 1 1 1 1 1 1 1 1 1 1 1 0 1 1 1 1 1 1 1 1 1 1 1 1 1 1 1 1 1
1 1 1 1 1 1 1 1 1 1 1 1 1 1 1 0 1 1 1 1 1 1 1 1 1 1 1 1 1 1 1 1
1 1 1 1 1 1 1 1 1 1 1 1 1 1 1 1 0 1 1 1 1 1 1 1 1 1 1 1 1 1 1 1
1 1 1 1 1 1 1 1 1 1 1 1 1 1 1 1 1 0 1 1 1 1 1 1 1 1 1 1 1 1 1 1
1 1 1 1 1 1 1 1 1 1 1 1 1 1 1 1 1 1 0 1 1 1 1 1 1 1 1 1 1 1 1 1
1 1 1 1 1 1 1 1 1 1 1 1 1 1 1 1 1 1 1 0 1 1 1 1 1 1 1 1 1 1 1 1
1 1 1 1 1 1 1 1 1 1 1 1 1 1 1 1 1 1 1 1 0 1 1 1 1 1 1 1 1 1 1 1
1 1 1 1 1 1 1 1 1 1 1 1 1 1 1 1 1 1 1 1 1 0 1 1 1 1 1 1 1 1 1 1
2 2 2 2 2 2 2 2 2 2 2 2 2 2 2 2 2 2 2 2 2 2 0 2 2 2 2 2 2 2 2 2
2 2 2 2 2 2 2 2 2 2 2 2 2 2 2 2 2 2 2 2 2 2 2 0 2 2 2 2 2 2 2 2
1 1 1 1 1 1 1 1 1 1 1 1 1 1 1 1 1 1 1 1 1 1 1 1 0 1 1 1 1 1 1 1
1 1 1 1 1 1 1 1 1 1 1 1 1 1 1 1 1 1 1 1 1 1 1 1 1 0 1 1 1 1 1 1
1 1 1 1 1 1 1 1 1 1 1 1 1 1 1 1 1 1 1 1 1 1 1 1 1 1 0 1 1 1 1 1
1 1 1 1 1 1 1 1 1 1 1 1 1 1 1 1 1 1 1 1 1 1 1 1 1 1 1 0 1 1 1 1
1 1 1 1 1 1 1 1 1 1 1 1 1 1 1 1 1 1 1 1 1 1 1 1 1 1 1 1 0 1 1 1
1 1 1 1 1 1 1 1 1 1 1 1 1 1 1 1 1 1 1 1 1 1 1 1 1 1 1 1 1 0 1 1
1 1 1 1 1 1 1 1 1 1 1 1 1 1 1 1 1 1 1 1 1 1 1 1 1 1 1 1 1 1 0 1
3 3 3 3 3 3 3 3 3 3 3 3 3 3 3 3 3 3 3 3 3 3 3 3 3 3 3 3 3 3 3 0
Time:
0	15
15	30
30	45
45	60
60	75
75	90
90	105
105	120
120	135
135	150
150	165
165	180
180	195
195	210
210	225
225	240
240	255
255	270
270	285
285	300
300	315
315	330
330	345
345	360
360	375
375	390
390	405
405	420
420	435
435	450
450	465
465	480
480	495
495	510
510	525
525	540
540	555
555	570
570	585
585	600
600	615
615	630
630	645
645	660
660	675
675	690
690	705
705	720
720	735
735	750
750	765
765	780
780	795
795	810
810	825
825	840
840	855
855	870
870	885
885	900
900	915
915	930
930	945
945	960
960	975
975	990
990	1005
1005	1020
1020	1035
1035	1050
1050	1065
1065	1080
1080	2000
Speed:
0.925	0.85	0.925	1	0.8325	0.765	0.8325	0.9	0.4625	0.425	0.4625	0.5	0.30525	0.2805	0.30525	0.33	0.37	0.34	0.37	0.4	0.555	0.51	0.555	0.6	0.6475	0.595	0.6475	0.7	0.37	0.34	0.37	0.4	0.30525	0.2805	0.30525	0.33	0.4625	0.425	0.4625	0.5	0.6475	0.595	0.6475	0.7	0.74	0.68	0.74	0.8	0.6475	0.595	0.6475	0.7	0.4625	0.425	0.4625	0.5	0.555	0.51	0.555	0.6	0.6475	0.595	0.6475	0.7	0.8325	0.765	0.8325	0.9	0.925	0.85	0.925	1	1
0.925	0.85	0.925	1	0.8325	0.765	0.8325	0.9	0.4625	0.425	0.4625	0.5	0.30525	0.2805	0.30525	0.33	0.37	0.34	0.37	0.4	0.555	0.51	0.555	0.6	0.6475	0.595	0.6475	0.7	0.37	0.34	0.37	0.4	0.30525	0.2805	0.30525	0.33	0.4625	0.425	0.4625	0.5	0.6475	0.595	0.6475	0.7	0.74	0.68	0.74	0.8	0.6475	0.595	0.6475	0.7	0.4625	0.425	0.4625	0.5	0.555	0.51	0.555	0.6	0.6475	0.595	0.6475	0.7	0.8325	0.765	0.8325	0.9	0.925	0.85	0.925	1	1
0.925	0.85	0.925	1	0.8325	0.765	0.8325	0.9	0.4625	0.425	0.4625	0.5	0.30525	0.2805	0.30525	0.33	0.37	0.34	0.37	0.4	0.555	0.51	0.555	0.6	0.6475	0.595	0.6475	0.7	0.37	0.34	0.37	0.4	0.30525	0.2805	0.30525	0.33	0.4625	0.425	0.4625	0.5	0.6475	0.595	0.6475	0.7	0.74	0.68	0.74	0.8	0.6475	0.595	0.6475	0.7	0.4625	0.425	0.4625	0.5	0.555	0.51	0.555	0.6	0.6475	0.595	0.6475	0.7	0.8325	0.765	0.8325	0.9	0.925	0.85	0.925	1	1
