31
0.00 59.62 85.60 58.54 74.44 57.86 74.29 77.59 69.61 68.24 67.83 84.66 54.09 91.57 67.97 86.91 93.78 55.65 68.25 80.16 74.62 70.48 70.14 49.38 77.34 89.48 72.93 73.29 46.92 79.63 65.73
59.62 0.00 26.01 14.76 18.24 16.11 21.96 26.04 25.27 10.08 8.85 25.86 8.52 32.40 8.55 28.55 37.21 6.06 26.57 21.59 15.12 16.11 23.16 11.61 17.75 31.07 14.28 14.69 18.03 21.10 22.79
85.60 26.01 0.00 31.57 15.80 32.98 21.30 25.45 30.81 19.01 18.58 6.14 32.16 7.63 18.02 11.82 21.08 30.23 33.50 8.38 11.63 21.85 27.91 36.59 8.77 12.61 13.51 13.24 41.16 8.80 31.83
58.54 14.76 31.57 0.00 16.98 18.53 15.75 40.00 13.19 23.03 21.12 28.42 8.85 35.47 19.92 38.48 48.20 10.13 13.42 24.03 24.40 30.12 12.45 12.17 25.95 40.71 18.21 18.42 11.63 23.50 9.61
74.44 18.24 15.80 16.98 0.00 18.19 6.44 33.16 15.34 18.27 16.42 11.59 20.56 18.56 14.90 25.44 35.45 19.49 17.95 7.52 14.03 25.09 12.38 25.31 13.70 27.12 6.14 5.90 27.95 7.05 16.04
57.86 16.11 32.98 18.53 18.19 0.00 16.53 41.49 13.04 24.53 22.64 29.70 9.68 36.73 21.45 40.01 49.74 11.21 12.95 25.35 25.94 31.59 12.64 12.53 27.47 42.22 19.66 19.86 11.05 24.82 9.26
74.29 21.96 21.30 15.75 6.44 16.53 0.00 39.49 9.56 24.04 22.07 16.10 21.87 22.41 20.51 31.64 41.61 21.49 12.28 12.96 20.42 31.13 6.77 26.41 20.13 33.19 12.38 12.19 27.36 12.60 11.33
77.59 26.04 25.45 40.00 33.16 41.49 39.49 0.00 46.95 17.04 19.04 30.56 34.49 32.59 20.44 16.18 17.58 32.06 49.07 29.47 19.15 9.95 44.13 36.59 20.17 17.87 27.11 27.30 43.65 29.44 45.86
69.61 25.27 30.81 13.19 15.34 13.04 9.56 46.95 0.00 30.41 28.34 25.66 21.73 31.81 26.81 40.77 50.78 22.42 21.84 22.44 28.46 37.80 16.34 25.36 28.72 42.46 20.40 20.34 23.70 22.05 20.89
68.24 10.08 19.01 23.03 18.27 24.53 24.04 17.04 30.41 0.00 14.41 21.02 18.49 26.35 14.08 18.86 27.16 16.04 32.35 17.77 7.42 7.41 27.73 21.63 10.25 21.42 12.27 12.60 28.08 17.46 28.99
67.83 8.85 18.58 21.12 16.42 22.64 22.07 19.04 28.34 14.41 0.00 20.01 17.03 25.71 13.64 19.71 28.42 14.62 30.28 16.49 6.99 9.48 25.66 20.46 9.84 22.24 10.53 10.88 26.67 16.13 26.93
84.66 25.86 6.14 28.42 11.59 29.70 16.10 30.56 25.66 21.02 20.01 0.00 30.62 7.08 19.02 17.92 27.20 29.02 28.38 4.53 13.83 25.47 22.87 35.29 11.39 18.75 11.77 11.39 38.93 5.07 27.16
54.09 8.52 32.16 8.85 20.56 9.68 21.87 34.49 21.73 18.49 17.03 30.62 0.00 37.59 16.37 36.42 45.44 11.12 22.21 26.10 22.45 24.59 20.47 4.75 24.74 38.88 18.97 19.32 9.65 25.56 18.36
91.57 32.40 7.63 35.47 18.56 36.73 22.41 32.59 31.81 26.35 25.71 7.08 37.59 0.00 24.94 17.54 25.11 35.92 34.53 11.58 18.92 29.47 29.16 42.23 16.12 17.37 18.65 18.29 46.00 12.13 33.69
67.97 8.55 18.02 19.92 14.90 21.45 20.51 20.44 26.81 14.08 13.64 19.02 16.37 24.94 0.00 20.10 29.10 14.01 28.78 15.31 6.65 10.99 24.12 20.05 9.41 22.59 9.08 9.45 26.01 14.94 25.46
86.91 28.55 11.82 38.48 25.44 40.01 31.64 16.18 40.77 18.86 19.71 17.92 36.42 17.54 20.10 0.00 10.03 34.10 43.33 19.00 14.18 17.25 37.79 40.13 12.59 18.53 20.91 20.85 46.04 19.24 41.04
93.78 37.21 21.08 48.20 35.45 49.74 41.61 17.58 50.78 27.16 28.42 27.20 45.44 25.11 29.10 10.03 0.00 43.04 53.36 28.83 23.80 23.33 47.81 48.79 22.51 8.50 30.90 30.85 55.09 29.11 51.06
55.65 6.06 30.23 10.13 19.49 11.21 21.49 32.06 22.42 16.04 14.62 29.02 11.12 35.92 14.01 34.10 43.04 0.00 23.18 24.53 20.21 22.15 20.87 6.36 22.59 36.57 17.28 17.64 12.05 24.01 19.31
68.25 26.57 33.50 13.42 17.95 12.95 12.28 49.07 21.84 32.35 30.28 28.38 22.21 34.53 28.78 43.33 53.36 23.18 0.00 25.12 30.80 39.76 5.59 25.47 31.18 45.06 22.81 22.77 23.03 24.72 10.51
80.16 21.59 8.38 24.03 7.52 25.35 12.96 29.47 22.44 17.77 16.49 4.53 26.10 11.58 15.31 19.00 28.83 24.53 25.12 0.00 11.15 23.13 19.53 30.78 9.36 20.36 7.35 6.96 34.42 9.60 23.50
74.62 15.12 11.63 24.40 14.03 25.94 20.42 19.15 28.46 7.42 6.99 13.83 22.45 18.92 6.65 14.18 23.80 20.21 30.80 11.15 0.00 11.98 25.54 26.43 16.07 16.54 8.12 8.25 31.99 10.96 28.00
70.48 16.11 21.85 30.12 25.09 31.59 31.13 9.95 37.80 7.41 9.48 25.47 24.59 29.47 10.99 17.25 23.33 22.15 39.76 23.13 11.98 0.00 35.09 26.93 14.10 19.71 18.95 19.22 33.87 22.94 36.40
70.14 23.16 27.91 12.45 12.38 12.64 6.77 44.13 16.34 27.73 25.66 22.87 20.47 29.16 24.12 37.79 47.81 20.87 5.59 19.53 25.54 35.09 0.00 24.44 25.76 39.50 17.46 17.39 23.64 19.13 4.92
49.38 11.61 36.59 12.17 25.31 12.53 26.41 36.59 25.36 21.63 20.46 35.29 4.75 42.23 20.05 40.13 48.79 6.36 25.47 30.78 26.43 26.93 24.44 0.00 28.88 42.63 23.58 23.94 7.25 30.24 21.73
77.34 17.75 8.77 25.95 13.70 27.47 20.13 20.17 28.72 10.25 9.84 11.39 24.74 16.12 9.41 12.59 22.51 22.59 31.18 9.36 16.07 14.10 25.76 28.88 0.00 14.75 8.44 8.43 34.17 9.28 28.65
89.48 31.07 12.61 40.71 27.12 42.22 33.19 17.87 42.46 21.42 22.24 18.75 38.88 17.37 22.59 18.53 8.50 36.57 45.06 20.36 16.54 19.71 39.50 42.63 14.75 0.00 22.92 22.83 48.47 20.65 42.91
72.93 14.28 13.51 18.21 6.14 19.66 12.38 27.11 20.40 12.27 10.53 11.77 18.97 18.65 9.08 20.91 30.90 17.28 22.81 7.35 8.12 18.95 17.46 23.58 8.44 22.92 0.00 12.04 27.71 6.85 20.22
73.29 14.69 13.24 18.42 5.90 19.86 12.19 27.30 20.34 12.60 10.88 11.39 19.32 18.29 9.45 20.85 30.85 17.64 22.77 6.96 8.25 19.22 17.39 23.94 8.43 22.83 12.04 0.00 28.01 6.45 20.23
46.92 18.03 41.16 11.63 27.95 11.05 27.36 43.65 23.70 28.08 26.67 38.93 9.65 46.00 26.01 46.04 55.09 12.05 23.03 34.42 31.99 33.87 23.64 7.25 34.17 48.47 27.71 28.01 0.00 33.88 19.78
79.63 21.10 8.80 23.50 7.05 24.82 12.60 29.44 22.05 17.46 16.13 5.07 25.56 12.13 14.94 19.24 29.11 24.01 24.72 9.60 10.96 22.94 19.13 30.24 9.28 20.65 6.85 6.45 33.88 0.00 23.05
65.73 22.79 31.83 9.61 16.04 9.26 11.33 45.86 20.89 28.99 26.93 27.16 18.36 33.69 25.46 41.04 51.06 19.31 10.51 23.50 28.00 36.40 4.92 21.73 28.65 42.91 20.22 20.23 19.78 23.05 0.00
0	0	1700	0	0	0
1	25	105	1	0	19
2	71	151	1	0	13
3	150	230	1	0	22
4	217	297	1	0	29
5	278	358	1	0	6
6	316	396	-1	5	0
7	379	459	1	0	26
8	511	591	1	0	17
9	572	652	1	0	27
10	596	676	1	0	15
11	625	705	1	0	20
12	667	747	1	0	21
13	733	813	-1	2	0
14	797	877	1	0	30
15	850	930	-1	10	0
16	870	950	1	0	23
17	933	1013	-1	8	0
18	969	1049	1	0	25
19	1004	1084	-1	1	0
20	1022	1102	-1	11	0
21	1039	1119	-1	12	0
22	1083	1163	-1	3	0
23	1113	1193	-1	16	0
24	1150	1230	1	0	28
25	1171	1251	-1	18	0
26	1199	1279	-1	7	0
27	1216	1296	-1	9	0
28	1256	1336	-1	24	0
29	1290	1370	-1	4	0
30	1323	1403	-1	14	0
C:
0 3 3 3 3 3 3 3 3 3 3 3 3 3 3 3 3 3 3 3 3 3 3 3 3 3 3 3 3 3 3 3
1 0 1 1 1 1 1 1 1 1 1 1 1 1 1 1 1 1 1 1 1 1 1 1 1 1 1 1 1 1 1 1
2 2 0 2 2 2 2 2 2 2 2 2 2 2 2 2 2 2 2 2 2 2 2 2 2 2 2 2 2 2 2 2
2 2 2 0 2 2 2 2 2 2 2 2 2 2 2 2 2 2 2 2 2 2 2 2 2 2 2 2 2 2 2 2
1 1 1 1 0 1 1 1 1 1 1 1 1 1 1 1 1 1 1 1 1 1 1 1 1 1 1 1 1 1 1 1
2 2 2 2 2 0 2 2 2 2 2 2 2 2 2 2 2 2 2 2 2 2 2 2 2 2 2 2 2 2 2 2
1 1 1 1 1 1 0 1 1 1 1 1 1 1 1 1 1 1 1 1 1 1 1 1 1 1 1 1 1 1 1 1
3 3 3 3 3 3 3 0 3 3 3 3 3 3 3 3 3 3 3 3 3 3 3 3 3 3 3 3 3 3 3 3
2 2 2 2 2 2 2 2 0 2 2 2 2 2 2 2 2 2 2 2 2 2 2 2 2 2 2 2 2 2 2 2
1 1 1 1 1 1 1 1 1 0 1 1 1 1 1 1 1 1 1 1 1 1 1 1 1 1 1 1 1 1 1 1
1 1 1 1 1 1 1 1 1 1 0 1 1 1 1 1 1 1 1 1 1 1 1 1 1 1 1 1 1 1 1 1
1 1 1 1 1 1 1 1 1 1 1 0 1 1 1 1 1 1 1 1 1 1 1 1 1 1 1 1 1 1 1 1
2 2 2 2 2 2 2 2 2 2 2 2 0 2 2 2 2 2 2 2 2 2 2 2 2 2 2 2 2 2 2 2
2 2 2 2 2 2 2 2 2 2 2 2 2 0 2 2 2 2 2 2 2 2 2 2 2 2 2 2 2 2 2 2
1 1 1 1 1 1 1 1 1 1 1 1 1 1 0 1 1 1 1 1 1 1 1 1 1 1 1 1 1 1 1 1
2 2 2 2 2 2 2 2 2 2 2 2 2 2 2 0 2 2 2 2 2 2 2 2 2 2 2 2 2 2 2 2
3 3 3 3 3 3 3 3 3 3 3 3 3 3 3 3 0 3 3 3 3 3 3 3 3 3 3 3 3 3 3 3
2 2 2 2 2 2 2 2 2 2 2 2 2 2 2 2 2 0 2 2 2 2 2 2 2 2 2 2 2 2 2 2
2 2 2 2 2 2 2 2 2 2 2 2 2 2 2 2 2 2 0 2 2 2 2 2 2 2 2 2 2 2 2 2
1 1 1 1 1 1 1 1 1 1 1 1 1 1 1 1 1 1 1 0 1 1 1 1 1 1 1 1 1 1 1 1
1 1 1 1 1 1 1 1 1 1 1 1 1 1 1 1 1 1 1 1 0 1 1 1 1 1 1 1 1 1 1 1
2 2 2 2 2 2 2 2 2 2 2 2 2 2 2 2 2 2 2 2 2 0 2 2 2 2 2 2 2 2 2 2
2 2 2 2 2 2 2 2 2 2 2 2 2 2 2 2 2 2 2 2 2 2 0 2 2 2 2 2 2 2 2 2
2 2 2 2 2 2 2 2 2 2 2 2 2 2 2 2 2 2 2 2 2 2 2 0 2 2 2 2 2 2 2 2
1 1 1 1 1 1 1 1 1 1 1 1 1 1 1 1 1 1 1 1 1 1 1 1 0 1 1 1 1 1 1 1
2 2 2 2 2 2 2 2 2 2 2 2 2 2 2 2 2 2 2 2 2 2 2 2 2 0 2 2 2 2 2 2
1 1 1 1 1 1 1 1 1 1 1 1 1 1 1 1 1 1 1 1 1 1 1 1 1 1 0 1 1 1 1 1
1 1 1 1 1 1 1 1 1 1 1 1 1 1 1 1 1 1 1 1 1 1 1 1 1 1 1 0 1 1 1 1
3 3 3 3 3 3 3 3 3 3 3 3 3 3 3 3 3 3 3 3 3 3 3 3 3 3 3 3 0 3 3 3
1 1 1 1 1 1 1 1 1 1 1 1 1 1 1 1 1 1 1 1 1 1 1 1 1 1 1 1 1 0 1 1
2 2 2 2 2 2 2 2 2 2 2 2 2 2 2 2 2 2 2 2 2 2 2 2 2 2 2 2 2 2 0 2
3 3 3 3 3 3 3 3 3 3 3 3 3 3 3 3 3 3 3 3 3 3 3 3 3 3 3 3 3 3 3 0
Time:
0	15
15	30
30	45
45	60
60	75
75	90
90	105
105	120
120	135
135	150
150	165
165	180
180	195
195	210
210	225
225	240
240	255
255	270
270	285
285	300
300	315
315	330
330	345
345	360
360	375
375	390
390	405
405	420
420	435
435	450
450	465
465	480
480	495
495	510
510	525
525	540
540	555
555	570
570	585
585	600
600	615
615	630
630	645
645	660
660	675
675	690
690	705
705	720
720	735
735	750
750	765
765	780
780	795
795	810
810	825
825	840
840	855
855	870
870	885
885	900
900	915
915	930
930	945
945	960
960	975
975	990
990	1005
1005	1020
1020	1035
1035	1050
1050	1065
1065	1080
1080	2000
Speed:
0.925	0.85	0.925	1	0.8325	0.765	0.8325	0.9	0.4625	0.425	0.4625	0.5	0.30525	0.2805	0.30525	0.33	0.37	0.34	0.37	0.4	0.555	0.51	0.555	0.6	0.6475	0.595	0.6475	0.7	0.37	0.34	0.37	0.4	0.30525	0.2805	0.30525	0.33	0.4625	0.425	0.4625	0.5	0.6475	0.595	0.6475	0.7	0.74	0.68	0.74	0.8	0.6475	0.595	0.6475	0.7	0.4625	0.425	0.4625	0.5	0.555	0.51	0.555	0.6	0.6475	0.595	0.6475	0.7	0.8325	0.765	0.8325	0.9	0.925	0.85	0.925	1	1
0.925	0.85	0.925	1	0.8325	0.765	0.8325	0.9	0.4625	0.425	0.4625	0.5	0.30525	0.2805	0.30525	0.33	0.37	0.34	0.37	0.4	0.555	0.51	0.555	0.6	0.6475	0.595	0.6475	0.7	0.37	0.34	0.37	0.4	0.30525	0.2805	0.30525	0.33	0.4625	0.425	0.4625	0.5	0.6475	0.595	0.6475	0.7	0.74	0.68	0.74	0.8	0.6475	0.595	0.6475	0.7	0.4625	0.425	0.4625	0.5	0.555	0.51	0.555	0.6	0.6475	0.595	0.6475	0.7	0.8325	0.765	0.8325	0.9	0.925	0.85	0.925	1	1
0.925	0.85	0.925	1	0.8325	0.765	0.8325	0.9	0.4625	0.425	0.4625	0.5	0.30525	0.2805	0.30525	0.33	0.37	0.34	0.37	0.4	0.555	0.51	0.555	0.6	0.6475	0.595	0.6475	0.7	0.37	0.34	0.37	0.4	0.30525	0.2805	0.30525	0.33	0.4625	0.425	0.4625	0.5	0.6475	0.595	0.6475	0.7	0.74	0.68	0.74	0.8	0.6475	0.595	0.6475	0.7	0.4625	0.425	0.4625	0.5	0.555	0.51	0.555	0.6	0.6475	0.595	0.6475	0.7	0.8325	0.765	0.8325	0.9	0.925	0.85	0.925	1	1
