31
0.00 64.29 64.98 57.73 73.15 83.22 61.96 60.43 68.00 82.05 71.83 67.82 58.97 72.36 71.75 74.55 71.76 78.54 75.89 58.73 75.66 66.91 84.30 67.42 90.38 68.61 70.59 55.99 78.92 66.47 72.23
64.29 0.00 13.21 13.36 10.84 18.94 14.36 8.22 12.95 18.05 11.28 7.30 11.39 9.36 8.10 15.35 12.55 14.50 12.05 9.23 11.51 13.94 21.14 12.33 31.96 17.51 9.36 20.02 14.93 14.91 14.38
64.98 13.21 0.00 7.30 21.89 23.28 12.12 7.15 13.74 24.90 23.34 7.68 6.52 11.82 12.73 27.31 7.76 18.02 15.52 8.14 16.42 13.65 29.20 10.23 42.43 5.01 21.48 10.84 18.13 14.20 7.49
57.73 13.36 7.30 0.00 23.93 28.50 11.12 5.18 15.66 29.22 24.64 11.70 13.82 16.61 16.84 28.71 14.29 23.23 20.51 4.28 20.98 15.06 33.10 9.71 45.11 11.62 22.71 6.67 23.46 9.00 14.53
73.15 10.84 21.89 23.93 0.00 12.67 13.44 18.76 8.37 9.60 17.97 14.26 21.91 11.72 10.06 5.64 17.40 11.17 10.65 19.97 9.08 8.88 11.15 19.93 21.18 24.91 11.65 30.47 11.65 23.02 19.41
83.22 18.94 23.28 28.50 12.67 0.00 21.28 24.07 15.23 4.45 15.25 16.80 26.61 11.89 11.86 16.11 15.84 5.30 7.99 25.72 7.71 16.32 8.44 20.48 22.80 23.78 15.20 33.92 5.15 23.33 17.09
61.96 14.36 12.12 11.12 13.44 21.28 0.00 6.14 6.14 20.60 13.72 7.73 9.23 10.94 9.96 17.76 13.06 16.63 14.06 6.88 13.71 5.12 23.76 11.81 34.50 16.79 11.82 17.79 17.04 14.00 14.69
60.43 8.22 7.15 5.18 18.76 24.07 6.14 0.00 10.52 24.41 19.47 7.50 13.67 12.33 12.23 23.55 11.53 18.90 16.16 9.46 16.41 9.89 28.14 8.13 39.94 12.16 17.54 11.80 19.19 9.21 12.45
68.00 12.95 13.74 15.66 8.37 15.23 6.14 10.52 0.00 14.48 9.60 6.42 13.63 6.43 4.85 13.60 10.89 10.86 8.52 11.87 7.85 10.70 17.82 12.12 29.48 17.30 7.74 22.13 11.30 15.09 12.89
82.05 18.05 24.90 29.22 9.60 4.45 20.60 24.41 14.48 0.00 11.89 17.71 27.24 13.09 12.44 12.04 18.04 7.51 9.50 25.96 8.48 15.48 4.58 22.26 18.97 26.20 12.29 35.13 7.65 25.30 19.61
71.83 11.28 23.34 24.64 17.97 15.25 13.72 19.47 9.60 11.89 0.00 15.88 22.65 13.93 12.20 23.20 19.50 13.87 13.23 20.51 11.69 9.82 12.71 21.61 20.89 26.70 17.34 31.27 14.35 24.64 21.53
67.82 7.30 7.68 11.70 14.26 16.80 7.73 7.50 6.42 17.71 15.88 0.00 9.81 4.92 5.28 19.76 5.35 11.54 8.82 9.20 9.33 6.65 21.82 5.73 34.78 10.89 14.08 17.42 11.80 8.78 7.10
58.97 11.39 6.52 13.82 21.91 26.61 9.23 13.67 13.63 27.24 22.65 9.81 0.00 14.74 14.89 26.73 12.83 21.36 18.63 14.66 19.05 13.04 31.09 8.53 43.08 11.29 20.72 8.62 21.60 8.46 13.28
72.36 9.36 11.82 16.61 11.72 11.89 10.94 12.33 6.43 13.09 13.93 4.92 14.74 0.00 8.78 17.35 5.73 6.62 13.74 14.02 4.60 7.34 17.40 9.24 30.96 13.65 12.45 22.16 6.88 12.34 7.71
71.75 8.10 12.73 16.84 10.06 11.86 9.96 12.23 4.85 12.44 12.20 5.28 14.89 8.78 0.00 15.70 7.35 6.81 13.37 13.87 4.18 5.85 16.56 10.34 29.76 15.03 10.68 22.70 7.17 13.48 9.36
74.55 15.35 27.31 28.71 5.64 16.11 17.76 23.55 13.60 12.04 23.20 19.76 26.73 17.35 15.70 0.00 23.04 16.03 15.99 24.57 14.40 13.88 11.32 25.47 17.06 30.50 6.01 35.35 16.47 28.54 25.05
71.76 12.55 7.76 14.29 17.40 15.84 13.06 11.53 10.89 18.04 19.50 5.35 12.83 5.73 7.35 23.04 0.00 10.73 8.57 13.16 9.83 11.44 22.54 4.89 36.46 8.16 17.91 18.61 10.75 7.51 9.71
78.54 14.50 18.02 23.23 11.17 5.30 16.63 18.90 10.86 7.51 13.87 11.54 21.36 6.62 6.81 16.03 10.73 0.00 13.29 20.57 10.99 11.96 12.09 15.24 26.40 18.81 13.16 28.63 10.45 18.16 12.17
75.89 12.05 15.52 20.51 10.65 7.99 14.06 16.16 8.52 9.50 13.23 8.82 18.63 13.74 13.37 15.99 8.57 13.29 0.00 17.83 15.70 9.60 13.98 12.80 27.97 16.73 12.18 26.01 13.13 15.81 10.24
58.73 9.23 8.14 4.28 19.97 25.72 6.88 9.46 11.87 25.96 20.51 9.20 14.66 14.02 13.87 24.57 13.16 20.57 17.83 0.00 18.04 11.15 29.61 9.51 41.14 13.13 18.59 10.93 20.87 10.19 13.98
75.66 11.51 16.42 20.98 9.08 7.71 13.71 16.41 7.85 8.48 11.69 9.33 19.05 4.60 4.18 14.40 9.83 10.99 15.70 18.04 0.00 8.96 12.83 13.80 26.63 17.97 10.71 26.71 11.35 16.87 11.60
66.91 13.94 13.65 15.06 8.88 16.32 5.12 9.89 10.70 15.48 9.82 6.65 13.04 7.34 5.85 13.88 11.44 11.96 9.60 11.15 8.96 0.00 18.70 12.24 30.05 17.46 7.91 21.60 12.41 15.12 13.41
84.30 21.14 29.20 33.10 11.15 8.44 23.76 28.14 17.82 4.58 12.71 21.82 31.09 17.40 16.56 11.32 22.54 12.09 13.98 29.61 12.83 18.70 0.00 26.63 14.45 30.70 13.74 39.21 12.23 29.70 24.16
67.42 12.33 10.23 9.71 19.93 20.48 11.81 8.13 12.12 22.26 21.61 5.73 8.53 9.24 10.34 25.47 4.89 15.24 12.80 9.51 13.80 12.24 26.63 0.00 40.10 5.22 19.81 13.71 15.34 11.53 4.82
90.38 31.96 42.43 45.11 21.18 22.80 34.50 39.94 29.48 18.97 20.89 34.78 43.08 30.96 29.76 17.06 36.46 26.40 27.97 41.14 26.63 30.05 14.45 40.10 0.00 44.57 22.73 51.60 26.59 43.23 38.21
68.61 17.51 5.01 11.62 24.91 23.78 16.79 12.16 17.30 26.20 26.70 10.89 11.29 13.65 15.03 30.50 8.16 18.81 16.73 13.13 17.97 17.46 30.70 5.22 44.57 0.00 24.94 12.98 18.80 13.39 6.68
70.59 9.36 21.48 22.71 11.65 15.20 11.82 17.54 7.74 12.29 17.34 14.08 20.72 12.45 10.68 6.01 17.91 13.16 12.18 18.59 10.71 7.91 13.74 19.81 22.73 24.94 0.00 29.34 13.66 22.81 19.95
55.99 20.02 10.84 6.67 30.47 33.92 17.79 11.80 22.13 35.13 31.27 17.42 8.62 22.16 22.70 35.35 18.61 28.63 26.01 10.93 26.71 21.60 39.21 13.71 51.60 12.98 29.34 0.00 28.79 11.53 18.17
78.92 14.93 18.13 23.46 11.65 5.15 17.04 19.19 11.30 7.65 14.35 11.80 21.60 6.88 7.17 16.47 10.75 10.45 13.13 20.87 11.35 12.41 12.23 15.34 26.59 18.80 13.66 28.79 0.00 18.22 12.13
66.47 14.91 14.20 9.00 23.02 23.33 14.00 9.21 15.09 25.30 24.64 8.78 8.46 12.34 13.48 28.54 7.51 18.16 15.81 10.19 16.87 15.12 29.70 11.53 43.23 13.39 22.81 11.53 18.22 0.00 6.71
72.23 14.38 7.49 14.53 19.41 17.09 14.69 12.45 12.89 19.61 21.53 7.10 13.28 7.71 9.36 25.05 9.71 12.17 10.24 13.98 11.60 13.41 24.16 4.82 38.21 6.68 19.95 18.17 12.13 6.71 0.00
0	0	1700	0	0	0
1	31	111	1	0	5
2	48	128	1	0	22
3	57	137	1	0	30
4	89	169	1	0	18
5	118	198	-1	1	0
6	177	257	1	0	24
7	197	277	1	0	26
8	227	307	1	0	27
9	264	344	1	0	21
10	287	367	1	0	19
11	316	396	1	0	23
12	331	411	1	0	14
13	355	435	1	0	28
14	369	449	-1	12	0
15	401	481	1	0	25
16	468	548	1	0	20
17	502	582	1	0	29
18	532	612	-1	4	0
19	567	647	-1	10	0
20	596	676	-1	16	0
21	609	689	-1	9	0
22	635	715	-1	2	0
23	672	752	-1	11	0
24	733	813	-1	6	0
25	822	902	-1	15	0
26	866	946	-1	7	0
27	913	993	-1	8	0
28	950	1030	-1	13	0
29	972	1052	-1	17	0
30	980	1060	-1	3	0
C:
0 3 3 3 3 3 3 3 3 3 3 3 3 3 3 3 3 3 3 3 3 3 3 3 3 3 3 3 3 3 3 3
1 0 1 1 1 1 1 1 1 1 1 1 1 1 1 1 1 1 1 1 1 1 1 1 1 1 1 1 1 1 1 1
1 1 0 1 1 1 1 1 1 1 1 1 1 1 1 1 1 1 1 1 1 1 1 1 1 1 1 1 1 1 1 1
2 2 2 0 2 2 2 2 2 2 2 2 2 2 2 2 2 2 2 2 2 2 2 2 2 2 2 2 2 2 2 2
1 1 1 1 0 1 1 1 1 1 1 1 1 1 1 1 1 1 1 1 1 1 1 1 1 1 1 1 1 1 1 1
1 1 1 1 1 0 1 1 1 1 1 1 1 1 1 1 1 1 1 1 1 1 1 1 1 1 1 1 1 1 1 1
1 1 1 1 1 1 0 1 1 1 1 1 1 1 1 1 1 1 1 1 1 1 1 1 1 1 1 1 1 1 1 1
1 1 1 1 1 1 1 0 1 1 1 1 1 1 1 1 1 1 1 1 1 1 1 1 1 1 1 1 1 1 1 1
1 1 1 1 1 1 1 1 0 1 1 1 1 1 1 1 1 1 1 1 1 1 1 1 1 1 1 1 1 1 1 1
1 1 1 1 1 1 1 1 1 0 1 1 1 1 1 1 1 1 1 1 1 1 1 1 1 1 1 1 1 1 1 1
1 1 1 1 1 1 1 1 1 1 0 1 1 1 1 1 1 1 1 1 1 1 1 1 1 1 1 1 1 1 1 1
1 1 1 1 1 1 1 1 1 1 1 0 1 1 1 1 1 1 1 1 1 1 1 1 1 1 1 1 1 1 1 1
1 1 1 1 1 1 1 1 1 1 1 1 0 1 1 1 1 1 1 1 1 1 1 1 1 1 1 1 1 1 1 1
1 1 1 1 1 1 1 1 1 1 1 1 1 0 1 1 1 1 1 1 1 1 1 1 1 1 1 1 1 1 1 1
1 1 1 1 1 1 1 1 1 1 1 1 1 1 0 1 1 1 1 1 1 1 1 1 1 1 1 1 1 1 1 1
1 1 1 1 1 1 1 1 1 1 1 1 1 1 1 0 1 1 1 1 1 1 1 1 1 1 1 1 1 1 1 1
1 1 1 1 1 1 1 1 1 1 1 1 1 1 1 1 0 1 1 1 1 1 1 1 1 1 1 1 1 1 1 1
1 1 1 1 1 1 1 1 1 1 1 1 1 1 1 1 1 0 1 1 1 1 1 1 1 1 1 1 1 1 1 1
1 1 1 1 1 1 1 1 1 1 1 1 1 1 1 1 1 1 0 1 1 1 1 1 1 1 1 1 1 1 1 1
1 1 1 1 1 1 1 1 1 1 1 1 1 1 1 1 1 1 1 0 1 1 1 1 1 1 1 1 1 1 1 1
1 1 1 1 1 1 1 1 1 1 1 1 1 1 1 1 1 1 1 1 0 1 1 1 1 1 1 1 1 1 1 1
1 1 1 1 1 1 1 1 1 1 1 1 1 1 1 1 1 1 1 1 1 0 1 1 1 1 1 1 1 1 1 1
2 2 2 2 2 2 2 2 2 2 2 2 2 2 2 2 2 2 2 2 2 2 0 2 2 2 2 2 2 2 2 2
1 1 1 1 1 1 1 1 1 1 1 1 1 1 1 1 1 1 1 1 1 1 1 0 1 1 1 1 1 1 1 1
3 3 3 3 3 3 3 3 3 3 3 3 3 3 3 3 3 3 3 3 3 3 3 3 0 3 3 3 3 3 3 3
2 2 2 2 2 2 2 2 2 2 2 2 2 2 2 2 2 2 2 2 2 2 2 2 2 0 2 2 2 2 2 2
1 1 1 1 1 1 1 1 1 1 1 1 1 1 1 1 1 1 1 1 1 1 1 1 1 1 0 1 1 1 1 1
2 2 2 2 2 2 2 2 2 2 2 2 2 2 2 2 2 2 2 2 2 2 2 2 2 2 2 0 2 2 2 2
1 1 1 1 1 1 1 1 1 1 1 1 1 1 1 1 1 1 1 1 1 1 1 1 1 1 1 1 0 1 1 1
1 1 1 1 1 1 1 1 1 1 1 1 1 1 1 1 1 1 1 1 1 1 1 1 1 1 1 1 1 0 1 1
1 1 1 1 1 1 1 1 1 1 1 1 1 1 1 1 1 1 1 1 1 1 1 1 1 1 1 1 1 1 0 1
3 3 3 3 3 3 3 3 3 3 3 3 3 3 3 3 3 3 3 3 3 3 3 3 3 3 3 3 3 3 3 0
Time:
0	15
15	30
30	45
45	60
60	75
75	90
90	105
105	120
120	135
135	150
150	165
165	180
180	195
195	210
210	225
225	240
240	255
255	270
270	285
285	300
300	315
315	330
330	345
345	360
360	375
375	390
390	405
405	420
420	435
435	450
450	465
465	480
480	495
495	510
510	525
525	540
540	555
555	570
570	585
585	600
600	615
615	630
630	645
645	660
660	675
675	690
690	705
705	720
720	735
735	750
750	765
765	780
780	795
795	810
810	825
825	840
840	855
855	870
870	885
885	900
900	915
915	930
930	945
945	960
960	975
975	990
990	1005
1005	1020
1020	1035
1035	1050
1050	1065
1065	1080
1080	2000
Speed:
0.925	0.85	0.925	1	0.8325	0.765	0.8325	0.9	0.4625	0.425	0.4625	0.5	0.30525	0.2805	0.30525	0.33	0.37	0.34	0.37	0.4	0.555	0.51	0.555	0.6	0.6475	0.595	0.6475	0.7	0.37	0.34	0.37	0.4	0.30525	0.2805	0.30525	0.33	0.4625	0.425	0.4625	0.5	0.6475	0.595	0.6475	0.7	0.74	0.68	0.74	0.8	0.6475	0.595	0.6475	0.7	0.4625	0.425	0.4625	0.5	0.555	0.51	0.555	0.6	0.6475	0.595	0.6475	0.7	0.8325	0.765	0.8325	0.9	0.925	0.85	0.925	1	1
0.925	0.85	0.925	1	0.8325	0.765	0.8325	0.9	0.4625	0.425	0.4625	0.5	0.30525	0.2805	0.30525	0.33	0.37	0.34	0.37	0.4	0.555	0.51	0.555	0.6	0.6475	0.595	0.6475	0.7	0.37	0.34	0.37	0.4	0.30525	0.2805	0.30525	0.33	0.4625	0.425	0.4625	0.5	0.6475	0.595	0.6475	0.7	0.74	0.68	0.74	0.8	0.6475	0.595	0.6475	0.7	0.4625	0.425	0.4625	0.5	0.555	0.51	0.555	0.6	0.6475	0.595	0.6475	0.7	0.8325	0.765	0.8325	0.9	0.925	0.85	0.925	1	1
0.925	0.85	0.925	1	0.8325	0.765	0.8325	0.9	0.4625	0.425	0.4625	0.5	0.30525	0.2805	0.30525	0.33	0.37	0.34	0.37	0.4	0.555	0.51	0.555	0.6	0.6475	0.595	0.6475	0.7	0.37	0.34	0.37	0.4	0.30525	0.2805	0.30525	0.33	0.4625	0.425	0.4625	0.5	0.6475	0.595	0.6475	0.7	0.74	0.68	0.74	0.8	0.6475	0.595	0.6475	0.7	0.4625	0.425	0.4625	0.5	0.555	0.51	0.555	0.6	0.6475	0.595	0.6475	0.7	0.8325	0.765	0.8325	0.9	0.925	0.85	0.925	1	1
