31
0.00 79.98 57.16 72.38 57.84 77.84 69.48 70.85 82.09 54.56 88.04 63.77 87.39 73.48 68.50 67.63 69.23 56.77 70.73 68.19 73.60 51.07 88.75 70.46 69.10 48.08 80.02 71.96 73.11 77.63 81.82
79.98 0.00 38.12 36.62 26.84 14.16 12.58 28.64 21.61 33.49 13.60 21.91 9.69 25.33 16.84 42.58 12.93 32.56 9.63 38.48 26.09 53.26 10.00 13.47 13.84 41.24 21.48 8.05 37.62 13.80 13.02
57.16 38.12 0.00 15.27 13.32 37.31 25.85 14.91 28.09 7.39 38.47 16.38 40.36 18.51 21.29 12.36 25.50 6.55 29.76 11.40 18.31 15.25 42.34 24.65 24.41 9.23 26.09 32.08 16.09 36.65 31.86
72.38 36.62 15.27 0.00 21.80 36.79 27.11 8.21 18.79 19.98 31.54 20.14 35.02 11.32 22.00 7.67 26.84 17.83 31.24 4.56 10.58 25.79 37.09 24.82 25.55 24.49 17.42 33.42 9.56 36.04 25.98
57.84 26.84 13.32 21.80 0.00 25.56 14.28 15.76 24.42 6.90 30.92 6.01 31.38 16.87 11.24 23.19 13.93 6.79 17.60 20.23 17.25 27.29 33.12 14.04 13.18 14.40 22.40 19.79 22.99 25.00 24.38
77.84 14.16 37.31 36.79 25.56 0.00 11.49 28.69 22.75 32.33 15.75 20.96 12.05 25.59 16.16 42.44 11.84 31.54 8.02 38.37 26.37 52.33 12.42 12.80 12.90 39.94 22.41 6.11 37.84 11.87 14.41
69.48 12.58 25.85 27.11 14.28 11.49 0.00 18.92 18.16 20.92 18.80 9.48 17.97 16.73 5.17 31.87 8.70 20.06 4.19 27.94 17.50 40.84 19.47 10.63 9.97 28.67 16.84 6.49 28.25 10.87 13.32
70.85 28.64 14.91 8.21 15.76 28.69 18.92 0.00 13.43 16.41 25.09 12.65 27.98 19.19 13.84 14.11 18.66 14.15 23.03 9.98 18.79 28.91 30.05 16.61 17.36 23.06 11.56 25.21 9.34 27.94 18.94
82.09 21.61 28.09 18.79 24.42 22.75 18.16 13.43 0.00 27.88 12.96 18.82 17.03 9.59 15.51 26.26 18.13 25.82 20.88 22.38 9.88 42.34 19.02 15.72 17.26 35.44 17.23 22.23 19.40 22.04 8.75
54.56 33.49 7.39 19.98 6.90 32.33 20.92 16.41 27.88 0.00 36.25 11.79 37.29 18.94 17.20 19.10 20.57 13.69 24.43 17.11 19.04 20.41 39.13 20.32 19.69 8.04 25.80 26.65 21.03 31.74 29.58
88.04 13.60 38.47 31.54 30.92 15.75 18.80 25.09 12.96 36.25 0.00 24.93 4.94 21.09 19.74 38.78 19.00 34.60 18.86 34.76 21.64 53.46 6.55 17.59 18.98 44.27 14.12 18.81 32.23 15.29 6.68
63.77 21.91 16.38 20.14 6.01 20.96 9.48 12.65 18.82 11.79 24.93 0.00 25.59 12.46 5.42 23.49 9.13 10.67 13.41 19.85 13.02 31.38 27.39 8.56 8.08 19.78 16.86 15.73 21.34 20.32 18.37
87.39 9.69 40.36 35.02 31.38 12.05 17.97 27.98 17.03 37.29 4.94 25.59 0.00 24.07 20.18 41.98 18.24 35.86 16.94 37.88 24.71 55.55 11.49 17.42 18.55 45.32 17.83 16.31 35.81 11.76 9.07
73.48 25.33 18.51 11.32 16.87 25.59 16.73 19.19 9.59 18.94 21.09 12.46 24.07 0.00 12.01 17.91 16.51 16.76 20.65 13.81 15.63 32.84 26.14 14.24 15.26 26.15 7.64 22.69 12.30 24.84 15.01
68.50 16.84 21.29 22.00 11.24 16.16 5.17 13.84 15.51 17.20 19.74 5.42 20.18 12.01 0.00 26.71 4.88 15.97 9.36 22.77 12.75 36.47 21.97 13.98 13.51 25.20 13.81 11.64 23.16 15.47 13.33
67.63 42.58 12.36 7.67 23.19 42.44 31.87 14.11 26.26 19.10 38.78 23.49 41.98 17.91 26.71 0.00 31.56 17.44 36.07 12.23 17.27 18.85 44.05 29.88 30.29 21.05 24.74 38.35 7.50 41.71 32.91
69.23 12.93 25.50 26.84 13.93 11.84 8.70 18.66 18.13 20.57 19.00 9.13 18.24 16.51 4.88 31.56 0.00 19.70 4.50 27.63 17.28 40.49 19.76 10.95 10.28 28.33 16.78 6.81 27.99 11.22 13.46
56.77 32.56 6.55 17.83 6.79 31.54 20.06 14.15 25.82 13.69 34.60 10.67 35.86 16.76 15.97 17.44 19.70 0.00 23.77 15.16 16.84 20.84 37.74 19.21 18.73 9.74 23.74 26.04 18.91 30.92 27.92
70.73 9.63 29.76 31.24 17.60 8.02 4.19 23.03 20.88 24.43 18.86 13.41 16.94 20.65 9.36 36.07 4.50 23.77 0.00 32.13 21.43 44.61 18.09 6.44 5.78 31.95 19.83 10.68 32.37 7.53 14.54
68.19 38.48 11.40 4.56 20.23 38.37 27.94 9.98 22.38 17.11 34.76 19.85 37.88 13.81 22.77 12.23 27.63 15.16 32.13 0.00 13.18 21.25 39.96 25.88 26.35 20.59 20.79 34.40 4.99 37.64 28.82
73.60 26.09 18.31 10.58 17.25 26.37 17.50 18.79 9.88 19.04 21.64 13.02 24.71 15.63 12.75 17.27 17.28 16.84 21.43 13.18 0.00 32.47 26.78 15.01 16.03 26.12 7.99 23.48 11.54 25.61 15.65
51.07 53.26 15.25 25.79 27.29 52.33 40.84 28.91 42.34 20.41 53.46 31.38 55.55 32.84 36.47 18.85 40.49 20.84 44.61 21.25 32.47 0.00 57.54 39.80 39.46 14.65 40.46 46.88 26.00 51.70 46.93
88.75 10.00 42.34 37.09 33.12 12.42 19.47 30.05 19.02 39.13 6.55 27.39 11.49 26.14 21.97 44.05 19.76 37.74 18.09 39.96 26.78 57.54 0.00 19.11 20.16 47.16 19.87 17.24 37.87 12.25 11.14
70.46 13.47 24.65 24.82 14.04 12.80 10.63 16.61 15.72 20.32 17.59 8.56 17.42 14.24 13.98 29.88 10.95 19.21 6.44 25.88 15.01 39.80 19.11 0.00 12.22 28.26 14.33 8.60 25.94 12.11 11.63
69.10 13.84 24.41 25.55 13.18 12.90 9.97 17.36 17.26 19.69 18.98 8.08 18.55 15.26 13.51 30.29 10.28 18.73 5.78 26.35 16.03 39.46 20.16 12.22 0.00 27.53 15.82 8.07 26.69 12.25 13.15
48.08 41.24 9.23 24.49 14.40 39.94 28.67 23.06 35.44 8.04 44.27 19.78 45.32 26.15 25.20 21.05 28.33 9.74 31.95 20.59 26.12 14.65 47.16 28.26 27.53 0.00 33.37 34.09 25.32 39.39 37.60
80.02 21.48 26.09 17.42 22.40 22.41 16.84 11.56 17.23 25.80 14.12 16.86 17.83 7.64 13.81 24.74 16.78 23.74 19.83 20.79 7.99 40.46 19.87 14.33 15.82 33.37 0.00 21.35 18.11 21.68 9.06
71.96 8.05 32.08 33.42 19.79 6.11 6.49 25.21 22.23 26.65 18.81 15.73 16.31 22.69 11.64 38.35 6.81 26.04 10.68 34.40 23.48 46.88 17.24 8.60 8.07 34.09 21.35 0.00 34.54 5.75 15.23
73.11 37.62 16.09 9.56 22.99 37.84 28.25 9.34 19.40 21.03 32.23 21.34 35.81 12.30 23.16 7.50 27.99 18.91 32.37 4.99 11.54 26.00 37.87 25.94 26.69 25.32 18.11 34.54 0.00 37.08 26.80
77.63 13.80 36.65 36.04 25.00 11.87 10.87 27.94 22.04 31.74 15.29 20.32 11.76 24.84 15.47 41.71 11.22 30.92 7.53 37.64 25.61 51.70 12.25 12.11 12.25 39.39 21.68 5.75 37.08 0.00 13.74
81.82 13.02 31.86 25.98 24.38 14.41 13.32 18.94 8.75 29.58 6.68 18.37 9.07 15.01 13.33 32.91 13.46 27.92 14.54 28.82 15.65 46.93 11.14 11.63 13.15 37.60 9.06 15.23 26.80 13.74 0.00
0	0	1700	0	0	0
1	51	131	1	0	19
2	110	190	1	0	11
3	143	223	1	0	12
4	212	292	1	0	7
5	275	355	1	0	17
6	298	378	1	0	14
7	329	409	-1	4	0
8	351	431	1	0	28
9	403	483	1	0	20
10	509	589	1	0	13
11	562	642	-1	2	0
12	603	683	-1	3	0
13	637	717	-1	10	0
14	654	734	-1	6	0
15	690	770	1	0	29
16	740	820	1	0	27
17	784	864	-1	5	0
18	830	910	1	0	23
19	885	965	-1	1	0
20	906	986	-1	9	0
21	949	1029	1	0	30
22	1015	1095	1	0	25
23	1035	1115	-1	18	0
24	1047	1127	1	0	26
25	1075	1155	-1	22	0
26	1109	1189	-1	24	0
27	1131	1211	-1	16	0
28	1165	1245	-1	8	0
29	1203	1283	-1	15	0
30	1217	1297	-1	21	0
C:
0 3 3 3 3 3 3 3 3 3 3 3 3 3 3 3 3 3 3 3 3 3 3 3 3 3 3 3 3 3 3 3
2 0 2 2 2 2 2 2 2 2 2 2 2 2 2 2 2 2 2 2 2 2 2 2 2 2 2 2 2 2 2 2
2 2 0 2 2 2 2 2 2 2 2 2 2 2 2 2 2 2 2 2 2 2 2 2 2 2 2 2 2 2 2 2
2 2 2 0 2 2 2 2 2 2 2 2 2 2 2 2 2 2 2 2 2 2 2 2 2 2 2 2 2 2 2 2
1 1 1 1 0 1 1 1 1 1 1 1 1 1 1 1 1 1 1 1 1 1 1 1 1 1 1 1 1 1 1 1
2 2 2 2 2 0 2 2 2 2 2 2 2 2 2 2 2 2 2 2 2 2 2 2 2 2 2 2 2 2 2 2
1 1 1 1 1 1 0 1 1 1 1 1 1 1 1 1 1 1 1 1 1 1 1 1 1 1 1 1 1 1 1 1
1 1 1 1 1 1 1 0 1 1 1 1 1 1 1 1 1 1 1 1 1 1 1 1 1 1 1 1 1 1 1 1
1 1 1 1 1 1 1 1 0 1 1 1 1 1 1 1 1 1 1 1 1 1 1 1 1 1 1 1 1 1 1 1
2 2 2 2 2 2 2 2 2 0 2 2 2 2 2 2 2 2 2 2 2 2 2 2 2 2 2 2 2 2 2 2
2 2 2 2 2 2 2 2 2 2 0 2 2 2 2 2 2 2 2 2 2 2 2 2 2 2 2 2 2 2 2 2
1 1 1 1 1 1 1 1 1 1 1 0 1 1 1 1 1 1 1 1 1 1 1 1 1 1 1 1 1 1 1 1
2 2 2 2 2 2 2 2 2 2 2 2 0 2 2 2 2 2 2 2 2 2 2 2 2 2 2 2 2 2 2 2
1 1 1 1 1 1 1 1 1 1 1 1 1 0 1 1 1 1 1 1 1 1 1 1 1 1 1 1 1 1 1 1
1 1 1 1 1 1 1 1 1 1 1 1 1 1 0 1 1 1 1 1 1 1 1 1 1 1 1 1 1 1 1 1
2 2 2 2 2 2 2 2 2 2 2 2 2 2 2 0 2 2 2 2 2 2 2 2 2 2 2 2 2 2 2 2
1 1 1 1 1 1 1 1 1 1 1 1 1 1 1 1 0 1 1 1 1 1 1 1 1 1 1 1 1 1 1 1
2 2 2 2 2 2 2 2 2 2 2 2 2 2 2 2 2 0 2 2 2 2 2 2 2 2 2 2 2 2 2 2
1 1 1 1 1 1 1 1 1 1 1 1 1 1 1 1 1 1 0 1 1 1 1 1 1 1 1 1 1 1 1 1
2 2 2 2 2 2 2 2 2 2 2 2 2 2 2 2 2 2 2 0 2 2 2 2 2 2 2 2 2 2 2 2
1 1 1 1 1 1 1 1 1 1 1 1 1 1 1 1 1 1 1 1 0 1 1 1 1 1 1 1 1 1 1 1
3 3 3 3 3 3 3 3 3 3 3 3 3 3 3 3 3 3 3 3 3 0 3 3 3 3 3 3 3 3 3 3
2 2 2 2 2 2 2 2 2 2 2 2 2 2 2 2 2 2 2 2 2 2 0 2 2 2 2 2 2 2 2 2
1 1 1 1 1 1 1 1 1 1 1 1 1 1 1 1 1 1 1 1 1 1 1 0 1 1 1 1 1 1 1 1
1 1 1 1 1 1 1 1 1 1 1 1 1 1 1 1 1 1 1 1 1 1 1 1 0 1 1 1 1 1 1 1
3 3 3 3 3 3 3 3 3 3 3 3 3 3 3 3 3 3 3 3 3 3 3 3 3 0 3 3 3 3 3 3
1 1 1 1 1 1 1 1 1 1 1 1 1 1 1 1 1 1 1 1 1 1 1 1 1 1 0 1 1 1 1 1
2 2 2 2 2 2 2 2 2 2 2 2 2 2 2 2 2 2 2 2 2 2 2 2 2 2 2 0 2 2 2 2
2 2 2 2 2 2 2 2 2 2 2 2 2 2 2 2 2 2 2 2 2 2 2 2 2 2 2 2 0 2 2 2
2 2 2 2 2 2 2 2 2 2 2 2 2 2 2 2 2 2 2 2 2 2 2 2 2 2 2 2 2 0 2 2
1 1 1 1 1 1 1 1 1 1 1 1 1 1 1 1 1 1 1 1 1 1 1 1 1 1 1 1 1 1 0 1
3 3 3 3 3 3 3 3 3 3 3 3 3 3 3 3 3 3 3 3 3 3 3 3 3 3 3 3 3 3 3 0
Time:
0	15
15	30
30	45
45	60
60	75
75	90
90	105
105	120
120	135
135	150
150	165
165	180
180	195
195	210
210	225
225	240
240	255
255	270
270	285
285	300
300	315
315	330
330	345
345	360
360	375
375	390
390	405
405	420
420	435
435	450
450	465
465	480
480	495
495	510
510	525
525	540
540	555
555	570
570	585
585	600
600	615
615	630
630	645
645	660
660	675
675	690
690	705
705	720
720	735
735	750
750	765
765	780
780	795
795	810
810	825
825	840
840	855
855	870
870	885
885	900
900	915
915	930
930	945
945	960
960	975
975	990
990	1005
1005	1020
1020	1035
1035	1050
1050	1065
1065	1080
1080	2000
Speed:
0.925	0.85	0.925	1	0.8325	0.765	0.8325	0.9	0.4625	0.425	0.4625	0.5	0.30525	0.2805	0.30525	0.33	0.37	0.34	0.37	0.4	0.555	0.51	0.555	0.6	0.6475	0.595	0.6475	0.7	0.37	0.34	0.37	0.4	0.30525	0.2805	0.30525	0.33	0.4625	0.425	0.4625	0.5	0.6475	0.595	0.6475	0.7	0.74	0.68	0.74	0.8	0.6475	0.595	0.6475	0.7	0.4625	0.425	0.4625	0.5	0.555	0.51	0.555	0.6	0.6475	0.595	0.6475	0.7	0.8325	0.765	0.8325	0.9	0.925	0.85	0.925	1	1
0.925	0.85	0.925	1	0.8325	0.765	0.8325	0.9	0.4625	0.425	0.4625	0.5	0.30525	0.2805	0.30525	0.33	0.37	0.34	0.37	0.4	0.555	0.51	0.555	0.6	0.6475	0.595	0.6475	0.7	0.37	0.34	0.37	0.4	0.30525	0.2805	0.30525	0.33	0.4625	0.425	0.4625	0.5	0.6475	0.595	0.6475	0.7	0.74	0.68	0.74	0.8	0.6475	0.595	0.6475	0.7	0.4625	0.425	0.4625	0.5	0.555	0.51	0.555	0.6	0.6475	0.595	0.6475	0.7	0.8325	0.765	0.8325	0.9	0.925	0.85	0.925	1	1
0.925	0.85	0.925	1	0.8325	0.765	0.8325	0.9	0.4625	0.425	0.4625	0.5	0.30525	0.2805	0.30525	0.33	0.37	0.34	0.37	0.4	0.555	0.51	0.555	0.6	0.6475	0.595	0.6475	0.7	0.37	0.34	0.37	0.4	0.30525	0.2805	0.30525	0.33	0.4625	0.425	0.4625	0.5	0.6475	0.595	0.6475	0.7	0.74	0.68	0.74	0.8	0.6475	0.595	0.6475	0.7	0.4625	0.425	0.4625	0.5	0.555	0.51	0.555	0.6	0.6475	0.595	0.6475	0.7	0.8325	0.765	0.8325	0.9	0.925	0.85	0.925	1	1
