31
0.00 65.58 86.97 78.78 76.51 96.57 56.83 74.78 59.29 70.37 71.36 69.81 69.51 82.13 85.10 73.83 55.87 66.94 81.31 72.75 71.71 97.41 56.71 58.51 72.65 60.47 87.24 67.82 82.45 54.65 83.17
65.58 0.00 23.22 14.78 11.66 36.10 10.69 9.94 8.34 11.29 13.19 18.08 13.99 17.37 19.53 13.23 12.51 12.26 17.31 16.81 11.27 34.64 10.31 12.47 8.44 5.42 22.17 13.02 17.11 11.09 17.70
86.97 23.22 0.00 8.50 17.85 14.14 33.87 18.56 31.43 16.77 27.83 34.09 19.87 6.31 9.80 25.15 35.64 21.81 5.93 30.47 15.33 11.46 33.53 34.97 20.59 28.59 4.99 21.18 14.17 33.96 13.00
78.78 14.78 8.50 0.00 11.88 21.60 25.46 11.93 23.05 9.45 21.24 27.56 11.62 14.00 9.38 19.02 27.26 13.38 14.42 24.38 7.85 19.86 25.09 26.79 13.51 20.12 8.83 12.80 11.22 25.46 10.60
76.51 11.66 17.85 11.88 0.00 31.99 19.88 13.88 17.33 16.45 9.99 16.24 8.08 11.70 10.10 7.34 21.18 10.62 13.26 12.71 15.26 28.74 19.89 19.40 13.46 16.17 14.55 9.71 6.13 21.92 7.11
96.57 36.10 14.14 21.60 31.99 0.00 46.74 32.65 44.44 27.07 41.96 48.24 33.20 20.36 23.38 39.30 48.60 34.76 19.34 44.61 26.09 6.07 46.29 48.34 34.62 41.23 18.22 34.28 28.03 46.10 26.81
56.83 10.69 33.87 25.46 19.88 46.74 0.00 18.21 10.05 20.84 15.25 16.43 14.11 27.90 29.26 17.29 10.00 12.08 27.98 17.69 21.27 45.31 10.64 12.92 15.97 5.58 32.51 12.70 25.96 4.41 26.83
74.78 9.94 18.56 11.93 13.88 32.65 18.21 0.00 15.65 15.45 9.39 15.71 6.45 12.29 11.44 7.11 19.55 8.93 13.59 12.45 14.37 29.66 18.19 17.88 12.00 14.42 15.61 8.03 7.76 20.18 8.66
59.29 8.34 31.43 23.05 17.33 44.44 10.05 15.65 0.00 18.95 13.29 15.29 11.60 25.41 26.69 15.09 4.21 9.69 25.55 16.03 19.25 42.88 9.60 4.66 13.43 11.45 29.97 10.26 23.41 5.64 24.26
70.37 11.29 16.77 9.45 16.45 27.07 20.84 15.45 18.95 0.00 22.90 28.62 10.71 13.20 18.40 21.77 22.78 10.45 11.61 26.52 17.30 27.09 20.23 23.45 15.67 15.29 18.23 10.56 18.81 19.35 18.63
71.36 13.19 27.83 21.24 9.99 41.96 15.25 9.39 13.29 22.90 0.00 6.33 12.20 21.62 19.72 13.92 15.73 13.20 22.98 18.99 22.21 38.70 15.67 12.86 7.80 14.48 24.46 12.72 15.15 18.91 16.36
69.81 18.08 34.09 27.56 16.24 48.24 16.43 15.71 15.29 28.62 6.33 0.00 17.95 27.92 25.69 8.98 16.14 18.44 29.30 14.36 28.09 44.84 17.09 12.82 14.08 17.73 30.57 18.14 21.00 20.71 22.25
69.51 13.99 19.87 11.62 8.08 33.20 14.11 6.45 11.60 10.71 12.20 17.95 0.00 13.80 15.61 11.34 15.81 13.22 14.04 15.84 10.14 31.33 13.84 15.16 5.55 9.20 18.44 12.39 13.23 14.97 13.78
82.13 17.37 6.31 14.00 11.70 20.36 27.90 12.29 25.41 13.20 21.62 27.92 13.80 0.00 6.11 19.04 29.61 15.94 11.86 24.40 11.60 17.68 27.61 28.78 14.29 22.78 5.17 15.23 9.12 28.34 8.19
85.10 19.53 9.80 9.38 10.10 23.38 29.26 11.44 26.69 18.40 19.72 25.69 15.61 6.11 0.00 16.76 30.75 18.16 8.48 21.79 16.81 19.29 29.14 29.29 13.76 24.78 5.17 17.29 4.75 30.57 13.78
73.83 13.23 25.15 19.02 7.34 39.30 17.29 7.11 15.09 21.77 13.92 8.98 11.34 19.04 16.76 0.00 18.01 12.91 20.56 5.38 20.90 35.86 17.60 15.37 6.12 15.60 21.59 12.25 12.14 20.57 13.37
55.87 12.51 35.64 27.26 21.18 48.60 10.00 19.55 4.21 22.78 15.73 16.14 15.81 29.61 30.75 18.01 0.00 13.88 29.76 17.84 23.20 47.09 12.57 8.87 17.27 7.51 34.14 14.47 27.30 5.59 28.20
66.94 12.26 21.81 13.38 10.62 34.76 12.08 8.93 9.69 10.45 13.20 18.44 13.22 15.94 18.16 12.91 13.88 0.00 15.90 16.86 10.27 33.24 11.72 13.69 7.67 6.84 20.75 14.45 15.88 12.50 16.42
81.31 17.31 5.93 14.42 13.26 19.34 27.98 13.59 25.55 11.61 22.98 29.30 14.04 11.86 8.48 20.56 29.76 15.90 0.00 25.94 10.05 17.33 27.62 29.19 15.39 22.67 6.69 15.29 11.36 28.04 10.50
72.75 16.81 30.47 24.38 12.71 44.61 17.69 12.45 16.03 26.52 18.99 14.36 15.84 24.40 21.79 5.38 17.84 16.86 25.94 0.00 25.80 41.02 18.22 14.68 11.18 17.70 26.75 16.38 17.07 21.66 18.33
71.71 11.27 15.33 7.85 15.26 26.09 21.27 14.37 19.25 17.30 22.21 28.09 10.14 11.60 16.81 20.90 23.20 10.27 10.05 25.80 0.00 25.85 20.70 23.65 14.79 15.69 16.64 10.24 17.33 20.09 17.11
97.41 34.64 11.46 19.86 28.74 6.07 45.31 29.66 42.88 27.09 38.70 44.84 31.33 17.68 19.29 35.86 47.09 33.24 17.33 41.02 25.85 0.00 44.95 46.43 31.81 39.98 14.27 32.62 24.03 45.24 22.78
56.71 10.31 33.53 25.09 19.89 46.29 10.64 18.19 9.60 20.23 15.67 17.09 13.84 27.61 29.14 17.60 12.57 11.72 27.62 18.22 20.70 44.95 0.00 4.94 15.99 5.06 32.27 12.38 25.94 10.87 26.77
58.51 12.47 34.97 26.79 19.40 48.34 12.92 17.88 4.66 23.45 12.86 12.82 15.16 28.78 29.29 15.37 8.87 13.69 29.19 14.68 23.65 46.43 4.94 0.00 15.56 8.42 33.03 14.09 25.51 8.51 26.51
72.65 8.44 20.59 13.51 13.46 34.62 15.97 12.00 13.43 15.67 7.80 14.08 5.55 14.29 13.76 6.12 17.27 7.67 15.39 11.18 14.79 31.81 15.99 15.56 0.00 12.45 17.85 6.84 10.03 18.14 10.97
60.47 5.42 28.59 20.12 16.17 41.23 5.58 14.42 11.45 15.29 14.48 17.73 9.20 22.78 24.78 15.60 7.51 6.84 22.67 17.70 15.69 39.98 5.06 8.42 12.45 0.00 27.58 7.60 22.00 5.81 22.71
87.24 22.17 4.99 8.83 14.55 18.22 32.51 15.61 29.97 18.23 24.46 30.57 18.44 5.17 5.17 21.59 34.14 20.75 6.69 26.75 16.64 14.27 32.27 33.03 17.85 27.58 0.00 19.98 9.85 33.23 8.61
67.82 13.02 21.18 12.80 9.71 34.28 12.70 8.03 10.26 10.56 12.72 18.14 12.39 15.23 17.29 12.25 14.47 14.45 15.29 16.38 10.24 32.62 12.38 14.09 6.84 7.60 19.98 0.00 14.95 13.32 15.51
82.45 17.11 14.17 11.22 6.13 28.03 25.96 7.76 23.41 18.81 15.15 21.00 13.23 9.12 4.75 12.14 27.30 15.88 11.36 17.07 17.33 24.03 25.94 25.51 10.03 22.00 9.85 14.95 0.00 27.80 13.24
54.65 11.09 33.96 25.46 21.92 46.10 4.41 20.18 5.64 19.35 18.91 20.71 14.97 28.34 30.57 20.57 5.59 12.50 28.04 21.66 20.09 45.24 10.87 8.51 18.14 5.81 33.23 13.32 27.80 0.00 28.52
83.17 17.70 13.00 10.60 7.11 26.81 26.83 8.66 24.26 18.63 16.36 22.25 13.78 8.19 13.78 13.37 28.20 16.42 10.50 18.33 17.11 22.78 26.77 26.51 10.97 22.71 8.61 15.51 13.24 28.52 0.00
0	0	1700	0	0	0
1	33	113	1	0	3
2	62	142	1	0	4
3	72	152	-1	1	0
4	90	170	-1	2	0
5	173	253	1	0	9
6	290	370	1	0	27
7	322	402	1	0	30
8	347	427	1	0	17
9	376	456	-1	5	0
10	434	514	1	0	24
11	453	533	1	0	22
12	508	588	1	0	19
13	539	619	1	0	21
14	551	631	1	0	20
15	580	660	1	0	26
16	608	688	1	0	18
17	628	708	-1	8	0
18	650	730	-1	16	0
19	685	765	-1	12	0
20	727	807	-1	14	0
21	778	858	-1	13	0
22	861	941	-1	11	0
23	869	949	1	0	29
24	895	975	-1	10	0
25	914	994	1	0	28
26	950	1030	-1	15	0
27	973	1053	-1	6	0
28	990	1070	-1	25	0
29	1022	1102	-1	23	0
30	1051	1131	-1	7	0
C:
0 3 3 3 3 3 3 3 3 3 3 3 3 3 3 3 3 3 3 3 3 3 3 3 3 3 3 3 3 3 3 3
1 0 1 1 1 1 1 1 1 1 1 1 1 1 1 1 1 1 1 1 1 1 1 1 1 1 1 1 1 1 1 1
2 2 0 2 2 2 2 2 2 2 2 2 2 2 2 2 2 2 2 2 2 2 2 2 2 2 2 2 2 2 2 2
1 1 1 0 1 1 1 1 1 1 1 1 1 1 1 1 1 1 1 1 1 1 1 1 1 1 1 1 1 1 1 1
1 1 1 1 0 1 1 1 1 1 1 1 1 1 1 1 1 1 1 1 1 1 1 1 1 1 1 1 1 1 1 1
3 3 3 3 3 0 3 3 3 3 3 3 3 3 3 3 3 3 3 3 3 3 3 3 3 3 3 3 3 3 3 3
1 1 1 1 1 1 0 1 1 1 1 1 1 1 1 1 1 1 1 1 1 1 1 1 1 1 1 1 1 1 1 1
1 1 1 1 1 1 1 0 1 1 1 1 1 1 1 1 1 1 1 1 1 1 1 1 1 1 1 1 1 1 1 1
1 1 1 1 1 1 1 1 0 1 1 1 1 1 1 1 1 1 1 1 1 1 1 1 1 1 1 1 1 1 1 1
1 1 1 1 1 1 1 1 1 0 1 1 1 1 1 1 1 1 1 1 1 1 1 1 1 1 1 1 1 1 1 1
1 1 1 1 1 1 1 1 1 1 0 1 1 1 1 1 1 1 1 1 1 1 1 1 1 1 1 1 1 1 1 1
2 2 2 2 2 2 2 2 2 2 2 0 2 2 2 2 2 2 2 2 2 2 2 2 2 2 2 2 2 2 2 2
1 1 1 1 1 1 1 1 1 1 1 1 0 1 1 1 1 1 1 1 1 1 1 1 1 1 1 1 1 1 1 1
1 1 1 1 1 1 1 1 1 1 1 1 1 0 1 1 1 1 1 1 1 1 1 1 1 1 1 1 1 1 1 1
1 1 1 1 1 1 1 1 1 1 1 1 1 1 0 1 1 1 1 1 1 1 1 1 1 1 1 1 1 1 1 1
1 1 1 1 1 1 1 1 1 1 1 1 1 1 1 0 1 1 1 1 1 1 1 1 1 1 1 1 1 1 1 1
2 2 2 2 2 2 2 2 2 2 2 2 2 2 2 2 0 2 2 2 2 2 2 2 2 2 2 2 2 2 2 2
1 1 1 1 1 1 1 1 1 1 1 1 1 1 1 1 1 0 1 1 1 1 1 1 1 1 1 1 1 1 1 1
1 1 1 1 1 1 1 1 1 1 1 1 1 1 1 1 1 1 0 1 1 1 1 1 1 1 1 1 1 1 1 1
1 1 1 1 1 1 1 1 1 1 1 1 1 1 1 1 1 1 1 0 1 1 1 1 1 1 1 1 1 1 1 1
1 1 1 1 1 1 1 1 1 1 1 1 1 1 1 1 1 1 1 1 0 1 1 1 1 1 1 1 1 1 1 1
3 3 3 3 3 3 3 3 3 3 3 3 3 3 3 3 3 3 3 3 3 0 3 3 3 3 3 3 3 3 3 3
1 1 1 1 1 1 1 1 1 1 1 1 1 1 1 1 1 1 1 1 1 1 0 1 1 1 1 1 1 1 1 1
2 2 2 2 2 2 2 2 2 2 2 2 2 2 2 2 2 2 2 2 2 2 2 0 2 2 2 2 2 2 2 2
1 1 1 1 1 1 1 1 1 1 1 1 1 1 1 1 1 1 1 1 1 1 1 1 0 1 1 1 1 1 1 1
1 1 1 1 1 1 1 1 1 1 1 1 1 1 1 1 1 1 1 1 1 1 1 1 1 0 1 1 1 1 1 1
2 2 2 2 2 2 2 2 2 2 2 2 2 2 2 2 2 2 2 2 2 2 2 2 2 2 0 2 2 2 2 2
1 1 1 1 1 1 1 1 1 1 1 1 1 1 1 1 1 1 1 1 1 1 1 1 1 1 1 0 1 1 1 1
1 1 1 1 1 1 1 1 1 1 1 1 1 1 1 1 1 1 1 1 1 1 1 1 1 1 1 1 0 1 1 1
2 2 2 2 2 2 2 2 2 2 2 2 2 2 2 2 2 2 2 2 2 2 2 2 2 2 2 2 2 0 2 2
1 1 1 1 1 1 1 1 1 1 1 1 1 1 1 1 1 1 1 1 1 1 1 1 1 1 1 1 1 1 0 1
3 3 3 3 3 3 3 3 3 3 3 3 3 3 3 3 3 3 3 3 3 3 3 3 3 3 3 3 3 3 3 0
Time:
0	15
15	30
30	45
45	60
60	75
75	90
90	105
105	120
120	135
135	150
150	165
165	180
180	195
195	210
210	225
225	240
240	255
255	270
270	285
285	300
300	315
315	330
330	345
345	360
360	375
375	390
390	405
405	420
420	435
435	450
450	465
465	480
480	495
495	510
510	525
525	540
540	555
555	570
570	585
585	600
600	615
615	630
630	645
645	660
660	675
675	690
690	705
705	720
720	735
735	750
750	765
765	780
780	795
795	810
810	825
825	840
840	855
855	870
870	885
885	900
900	915
915	930
930	945
945	960
960	975
975	990
990	1005
1005	1020
1020	1035
1035	1050
1050	1065
1065	1080
1080	2000
Speed:
0.925	0.85	0.925	1	0.8325	0.765	0.8325	0.9	0.4625	0.425	0.4625	0.5	0.30525	0.2805	0.30525	0.33	0.37	0.34	0.37	0.4	0.555	0.51	0.555	0.6	0.6475	0.595	0.6475	0.7	0.37	0.34	0.37	0.4	0.30525	0.2805	0.30525	0.33	0.4625	0.425	0.4625	0.5	0.6475	0.595	0.6475	0.7	0.74	0.68	0.74	0.8	0.6475	0.595	0.6475	0.7	0.4625	0.425	0.4625	0.5	0.555	0.51	0.555	0.6	0.6475	0.595	0.6475	0.7	0.8325	0.765	0.8325	0.9	0.925	0.85	0.925	1	1
0.925	0.85	0.925	1	0.8325	0.765	0.8325	0.9	0.4625	0.425	0.4625	0.5	0.30525	0.2805	0.30525	0.33	0.37	0.34	0.37	0.4	0.555	0.51	0.555	0.6	0.6475	0.595	0.6475	0.7	0.37	0.34	0.37	0.4	0.30525	0.2805	0.30525	0.33	0.4625	0.425	0.4625	0.5	0.6475	0.595	0.6475	0.7	0.74	0.68	0.74	0.8	0.6475	0.595	0.6475	0.7	0.4625	0.425	0.4625	0.5	0.555	0.51	0.555	0.6	0.6475	0.595	0.6475	0.7	0.8325	0.765	0.8325	0.9	0.925	0.85	0.925	1	1
0.925	0.85	0.925	1	0.8325	0.765	0.8325	0.9	0.4625	0.425	0.4625	0.5	0.30525	0.2805	0.30525	0.33	0.37	0.34	0.37	0.4	0.555	0.51	0.555	0.6	0.6475	0.595	0.6475	0.7	0.37	0.34	0.37	0.4	0.30525	0.2805	0.30525	0.33	0.4625	0.425	0.4625	0.5	0.6475	0.595	0.6475	0.7	0.74	0.68	0.74	0.8	0.6475	0.595	0.6475	0.7	0.4625	0.425	0.4625	0.5	0.555	0.51	0.555	0.6	0.6475	0.595	0.6475	0.7	0.8325	0.765	0.8325	0.9	0.925	0.85	0.925	1	1
