31
0.00 67.82 76.27 94.86 64.14 56.73 81.48 101.34 70.68 73.06 74.28 73.65 82.25 44.51 45.34 86.60 69.66 69.46 73.42 69.70 66.44 68.87 57.33 55.25 71.14 81.37 72.61 71.71 51.32 82.95 77.26
67.82 0.00 8.45 28.06 20.33 16.36 17.90 36.71 7.66 16.86 6.47 30.24 14.74 30.64 25.32 18.97 7.09 6.89 25.20 12.01 20.27 5.24 17.56 32.51 5.84 15.31 11.41 11.26 18.07 18.25 14.84
76.27 8.45 0.00 20.24 24.46 23.35 13.35 29.65 9.36 17.33 12.97 31.61 6.79 38.14 33.32 10.73 9.84 9.86 26.24 7.24 23.61 9.20 24.13 38.13 7.21 9.10 11.61 12.08 26.15 12.75 12.16
94.86 28.06 20.24 0.00 34.83 38.84 14.46 27.58 29.02 24.51 21.87 34.66 13.46 53.32 50.12 9.79 25.21 25.40 30.25 27.47 32.89 26.03 38.79 49.01 27.23 21.42 22.70 30.71 43.60 12.51 27.80
64.14 20.33 24.46 34.83 0.00 9.95 20.39 53.70 28.00 10.33 22.91 12.52 26.34 19.89 19.47 30.05 14.73 14.77 9.79 23.73 17.53 15.92 8.30 14.39 26.05 33.51 13.63 31.59 16.44 22.44 34.85
56.73 16.36 23.35 38.84 9.95 0.00 24.89 52.81 23.36 16.47 21.39 22.45 27.60 14.90 11.42 31.86 14.23 14.10 19.48 19.71 11.76 14.24 14.72 16.83 22.05 31.52 16.16 26.58 6.58 26.52 31.00
81.48 17.90 13.35 14.46 20.39 24.89 0.00 36.34 22.34 10.11 13.71 22.08 9.47 39.03 36.29 11.30 12.55 12.79 17.02 18.99 18.50 13.98 24.63 34.65 19.98 20.45 8.89 25.37 30.22 17.43 25.18
101.34 36.71 29.65 27.58 53.70 52.81 36.34 0.00 31.36 44.96 31.51 58.36 27.75 67.35 61.89 25.04 39.44 39.47 53.16 33.71 52.53 38.84 53.72 67.70 31.65 21.40 40.15 29.73 54.63 34.30 24.16
70.68 7.66 9.36 29.02 28.00 23.36 22.34 31.36 0.00 23.79 8.63 37.61 15.89 36.85 30.89 19.25 14.21 14.06 32.45 4.35 27.89 12.52 24.75 39.89 13.51 10.70 18.00 12.34 23.70 22.00 7.76
73.06 16.86 17.33 24.51 10.33 16.47 10.11 44.96 23.79 0.00 16.41 14.28 17.20 29.58 27.74 20.42 9.77 9.97 8.92 19.53 8.39 11.62 15.73 24.54 21.45 26.24 5.88 27.37 22.64 12.20 29.17
74.28 6.47 12.97 21.87 22.91 21.39 13.71 31.51 8.63 16.41 0.00 30.65 8.42 36.14 31.28 12.55 8.19 8.17 25.32 5.73 22.20 7.34 22.22 36.39 6.28 10.62 10.56 11.76 24.11 13.42 12.77
73.65 30.24 31.61 34.66 12.52 22.45 22.08 58.36 37.61 14.28 30.65 0.00 30.83 29.34 30.85 33.35 23.40 23.55 5.38 33.27 11.10 25.11 20.73 18.97 35.36 40.48 20.09 41.24 28.85 24.19 43.40
82.25 14.74 6.79 13.46 26.34 27.60 9.47 27.75 15.89 17.20 8.42 30.83 0.00 42.48 38.34 4.37 13.37 13.50 25.54 14.02 24.96 13.63 27.99 40.64 13.91 11.19 12.72 18.11 31.41 7.96 16.59
44.51 30.64 38.14 53.32 19.89 14.90 39.03 67.35 36.85 29.58 36.14 29.34 42.48 0.00 6.94 46.72 29.12 29.00 28.92 33.76 22.19 29.11 14.58 12.54 35.98 45.96 30.66 39.63 13.29 40.84 44.61
45.34 25.32 33.32 50.12 19.47 11.42 36.29 61.89 30.89 27.74 31.28 30.85 38.34 6.94 0.00 42.68 25.10 24.94 29.21 28.19 21.70 24.72 12.02 17.30 30.27 40.53 27.51 33.43 7.27 37.88 38.60
86.60 18.97 10.73 9.79 30.05 31.86 11.30 25.04 19.25 20.42 12.55 33.35 4.37 46.72 42.68 0.00 17.65 17.79 28.22 17.95 28.51 17.98 32.19 44.42 17.51 12.23 16.57 20.96 35.77 9.27 18.40
69.66 7.09 9.84 25.21 14.73 14.23 12.55 39.44 14.21 9.77 8.19 23.40 13.37 29.12 25.10 17.65 0.00 9.27 18.25 9.88 14.14 10.86 14.69 28.30 11.97 18.81 4.52 17.84 18.40 13.58 20.35
69.46 6.89 9.86 25.40 14.77 14.10 12.79 39.47 14.06 9.97 8.17 23.55 13.50 29.00 24.94 17.79 9.27 0.00 18.41 9.73 14.21 11.10 14.60 28.28 11.83 18.79 4.75 17.69 18.21 13.80 20.26
73.42 25.20 26.24 30.25 9.79 19.48 17.02 53.16 32.45 8.92 25.32 5.38 25.54 28.92 29.21 28.22 18.25 18.41 0.00 28.13 7.73 20.00 17.99 20.38 30.16 35.10 14.76 36.06 26.05 19.17 38.07
69.70 12.01 7.24 27.47 23.73 19.71 18.99 33.71 4.35 19.53 5.73 33.27 14.02 33.76 28.19 17.95 9.88 9.73 28.13 0.00 23.56 8.17 20.96 35.96 12.01 12.35 13.81 7.99 20.92 18.95 11.39
66.44 20.27 23.61 32.89 17.53 11.76 18.50 52.53 27.89 8.39 22.20 11.10 24.96 22.19 21.70 28.51 14.14 14.21 7.73 23.56 0.00 15.53 10.26 16.15 25.83 32.71 12.38 31.52 18.33 20.59 34.46
68.87 5.24 9.20 26.03 15.92 14.24 13.98 38.84 12.52 11.62 7.34 25.11 13.63 29.11 24.72 17.98 10.86 11.10 20.00 8.17 15.53 0.00 14.94 29.08 10.35 17.89 6.35 16.16 17.80 14.81 18.96
57.33 17.56 24.13 38.79 8.30 14.72 24.63 53.72 24.75 15.73 22.22 20.73 27.99 14.58 12.02 32.19 14.69 14.60 17.99 20.96 10.26 14.94 0.00 15.21 23.33 32.53 16.10 28.05 8.14 26.36 32.32
55.25 32.51 38.13 49.01 14.39 16.83 34.65 67.70 39.89 24.54 36.39 18.97 40.64 12.54 17.30 44.42 28.30 28.28 20.38 35.96 16.15 29.08 15.21 0.00 38.34 46.98 27.92 43.24 19.98 36.74 47.35
71.14 5.84 7.21 27.23 26.05 22.05 19.98 31.65 13.51 21.45 6.28 35.36 13.91 35.98 30.27 17.51 11.97 11.83 30.16 12.01 25.83 10.35 23.33 38.34 0.00 10.43 15.63 5.92 23.02 19.69 9.01
81.37 15.31 9.10 21.42 33.51 31.52 20.45 21.40 10.70 26.24 10.62 40.48 11.19 45.96 40.53 12.23 18.81 18.79 35.10 12.35 32.71 17.89 32.53 46.98 10.43 0.00 20.65 10.56 33.26 19.11 6.43
72.61 11.41 11.61 22.70 13.63 16.16 8.89 40.15 18.00 5.88 10.56 20.09 12.72 30.66 27.51 16.57 4.52 4.75 14.76 13.81 12.38 6.35 16.10 27.92 15.63 20.65 0.00 21.55 21.33 10.38 23.31
71.71 11.26 12.08 30.71 31.59 26.58 25.37 29.73 12.34 27.37 11.76 41.24 18.11 39.63 33.43 20.96 17.84 17.69 36.06 7.99 31.52 16.16 28.05 43.24 5.92 10.56 21.55 0.00 26.37 24.83 5.57
51.32 18.07 26.15 43.60 16.44 6.58 30.22 54.63 23.70 22.64 24.11 28.85 31.41 13.29 7.27 35.77 18.40 18.21 26.05 20.92 18.33 17.80 8.14 19.98 23.02 33.26 21.33 26.37 0.00 31.64 31.45
82.95 18.25 12.75 12.51 22.44 26.52 17.43 34.30 22.00 12.20 13.42 24.19 7.96 40.84 37.88 9.27 13.58 13.80 19.17 18.95 20.59 14.81 26.36 36.74 19.69 19.11 10.38 24.83 31.64 0.00 24.19
77.26 14.84 12.16 27.80 34.85 31.00 25.18 24.16 7.76 29.17 12.77 43.40 16.59 44.61 38.60 18.40 20.35 20.26 38.07 11.39 34.46 18.96 32.32 47.35 9.01 6.43 23.31 5.57 31.45 24.19 0.00
0	0	1700	0	0	0
1	35	115	1	0	9
2	47	127	1	0	21
3	71	151	1	0	15
4	139	219	1	0	13
5	172	252	1	0	18
6	246	326	1	0	8
7	317	397	1	0	25
8	367	447	-1	6	0
9	420	500	-1	1	0
10	469	549	1	0	23
11	546	626	1	0	22
12	599	679	1	0	27
13	659	739	-1	4	0
14	668	748	1	0	19
15	732	812	-1	3	0
16	767	847	1	0	17
17	787	867	-1	16	0
18	823	903	-1	5	0
19	872	952	-1	14	0
20	910	990	1	0	26
21	930	1010	-1	2	0
22	950	1030	-1	11	0
23	968	1048	-1	10	0
24	1011	1091	1	0	28
25	1023	1103	-1	7	0
26	1044	1124	-1	20	0
27	1066	1146	-1	12	0
28	1092	1172	-1	24	0
29	1124	1204	1	0	30
30	1149	1229	-1	29	0
C:
0 3 3 3 3 3 3 3 3 3 3 3 3 3 3 3 3 3 3 3 3 3 3 3 3 3 3 3 3 3 3 3
1 0 1 1 1 1 1 1 1 1 1 1 1 1 1 1 1 1 1 1 1 1 1 1 1 1 1 1 1 1 1 1
1 1 0 1 1 1 1 1 1 1 1 1 1 1 1 1 1 1 1 1 1 1 1 1 1 1 1 1 1 1 1 1
2 2 2 0 2 2 2 2 2 2 2 2 2 2 2 2 2 2 2 2 2 2 2 2 2 2 2 2 2 2 2 2
1 1 1 1 0 1 1 1 1 1 1 1 1 1 1 1 1 1 1 1 1 1 1 1 1 1 1 1 1 1 1 1
1 1 1 1 1 0 1 1 1 1 1 1 1 1 1 1 1 1 1 1 1 1 1 1 1 1 1 1 1 1 1 1
1 1 1 1 1 1 0 1 1 1 1 1 1 1 1 1 1 1 1 1 1 1 1 1 1 1 1 1 1 1 1 1
3 3 3 3 3 3 3 0 3 3 3 3 3 3 3 3 3 3 3 3 3 3 3 3 3 3 3 3 3 3 3 3
2 2 2 2 2 2 2 2 0 2 2 2 2 2 2 2 2 2 2 2 2 2 2 2 2 2 2 2 2 2 2 2
1 1 1 1 1 1 1 1 1 0 1 1 1 1 1 1 1 1 1 1 1 1 1 1 1 1 1 1 1 1 1 1
1 1 1 1 1 1 1 1 1 1 0 1 1 1 1 1 1 1 1 1 1 1 1 1 1 1 1 1 1 1 1 1
2 2 2 2 2 2 2 2 2 2 2 0 2 2 2 2 2 2 2 2 2 2 2 2 2 2 2 2 2 2 2 2
1 1 1 1 1 1 1 1 1 1 1 1 0 1 1 1 1 1 1 1 1 1 1 1 1 1 1 1 1 1 1 1
3 3 3 3 3 3 3 3 3 3 3 3 3 0 3 3 3 3 3 3 3 3 3 3 3 3 3 3 3 3 3 3
3 3 3 3 3 3 3 3 3 3 3 3 3 3 0 3 3 3 3 3 3 3 3 3 3 3 3 3 3 3 3 3
2 2 2 2 2 2 2 2 2 2 2 2 2 2 2 0 2 2 2 2 2 2 2 2 2 2 2 2 2 2 2 2
1 1 1 1 1 1 1 1 1 1 1 1 1 1 1 1 0 1 1 1 1 1 1 1 1 1 1 1 1 1 1 1
1 1 1 1 1 1 1 1 1 1 1 1 1 1 1 1 1 0 1 1 1 1 1 1 1 1 1 1 1 1 1 1
2 2 2 2 2 2 2 2 2 2 2 2 2 2 2 2 2 2 0 2 2 2 2 2 2 2 2 2 2 2 2 2
1 1 1 1 1 1 1 1 1 1 1 1 1 1 1 1 1 1 1 0 1 1 1 1 1 1 1 1 1 1 1 1
1 1 1 1 1 1 1 1 1 1 1 1 1 1 1 1 1 1 1 1 0 1 1 1 1 1 1 1 1 1 1 1
1 1 1 1 1 1 1 1 1 1 1 1 1 1 1 1 1 1 1 1 1 0 1 1 1 1 1 1 1 1 1 1
2 2 2 2 2 2 2 2 2 2 2 2 2 2 2 2 2 2 2 2 2 2 0 2 2 2 2 2 2 2 2 2
3 3 3 3 3 3 3 3 3 3 3 3 3 3 3 3 3 3 3 3 3 3 3 0 3 3 3 3 3 3 3 3
1 1 1 1 1 1 1 1 1 1 1 1 1 1 1 1 1 1 1 1 1 1 1 1 0 1 1 1 1 1 1 1
2 2 2 2 2 2 2 2 2 2 2 2 2 2 2 2 2 2 2 2 2 2 2 2 2 0 2 2 2 2 2 2
1 1 1 1 1 1 1 1 1 1 1 1 1 1 1 1 1 1 1 1 1 1 1 1 1 1 0 1 1 1 1 1
2 2 2 2 2 2 2 2 2 2 2 2 2 2 2 2 2 2 2 2 2 2 2 2 2 2 2 0 2 2 2 2
2 2 2 2 2 2 2 2 2 2 2 2 2 2 2 2 2 2 2 2 2 2 2 2 2 2 2 2 0 2 2 2
1 1 1 1 1 1 1 1 1 1 1 1 1 1 1 1 1 1 1 1 1 1 1 1 1 1 1 1 1 0 1 1
2 2 2 2 2 2 2 2 2 2 2 2 2 2 2 2 2 2 2 2 2 2 2 2 2 2 2 2 2 2 0 2
3 3 3 3 3 3 3 3 3 3 3 3 3 3 3 3 3 3 3 3 3 3 3 3 3 3 3 3 3 3 3 0
Time:
0	15
15	30
30	45
45	60
60	75
75	90
90	105
105	120
120	135
135	150
150	165
165	180
180	195
195	210
210	225
225	240
240	255
255	270
270	285
285	300
300	315
315	330
330	345
345	360
360	375
375	390
390	405
405	420
420	435
435	450
450	465
465	480
480	495
495	510
510	525
525	540
540	555
555	570
570	585
585	600
600	615
615	630
630	645
645	660
660	675
675	690
690	705
705	720
720	735
735	750
750	765
765	780
780	795
795	810
810	825
825	840
840	855
855	870
870	885
885	900
900	915
915	930
930	945
945	960
960	975
975	990
990	1005
1005	1020
1020	1035
1035	1050
1050	1065
1065	1080
1080	2000
Speed:
0.925	0.85	0.925	1	0.8325	0.765	0.8325	0.9	0.4625	0.425	0.4625	0.5	0.30525	0.2805	0.30525	0.33	0.37	0.34	0.37	0.4	0.555	0.51	0.555	0.6	0.6475	0.595	0.6475	0.7	0.37	0.34	0.37	0.4	0.30525	0.2805	0.30525	0.33	0.4625	0.425	0.4625	0.5	0.6475	0.595	0.6475	0.7	0.74	0.68	0.74	0.8	0.6475	0.595	0.6475	0.7	0.4625	0.425	0.4625	0.5	0.555	0.51	0.555	0.6	0.6475	0.595	0.6475	0.7	0.8325	0.765	0.8325	0.9	0.925	0.85	0.925	1	1
0.925	0.85	0.925	1	0.8325	0.765	0.8325	0.9	0.4625	0.425	0.4625	0.5	0.30525	0.2805	0.30525	0.33	0.37	0.34	0.37	0.4	0.555	0.51	0.555	0.6	0.6475	0.595	0.6475	0.7	0.37	0.34	0.37	0.4	0.30525	0.2805	0.30525	0.33	0.4625	0.425	0.4625	0.5	0.6475	0.595	0.6475	0.7	0.74	0.68	0.74	0.8	0.6475	0.595	0.6475	0.7	0.4625	0.425	0.4625	0.5	0.555	0.51	0.555	0.6	0.6475	0.595	0.6475	0.7	0.8325	0.765	0.8325	0.9	0.925	0.85	0.925	1	1
0.925	0.85	0.925	1	0.8325	0.765	0.8325	0.9	0.4625	0.425	0.4625	0.5	0.30525	0.2805	0.30525	0.33	0.37	0.34	0.37	0.4	0.555	0.51	0.555	0.6	0.6475	0.595	0.6475	0.7	0.37	0.34	0.37	0.4	0.30525	0.2805	0.30525	0.33	0.4625	0.425	0.4625	0.5	0.6475	0.595	0.6475	0.7	0.74	0.68	0.74	0.8	0.6475	0.595	0.6475	0.7	0.4625	0.425	0.4625	0.5	0.555	0.51	0.555	0.6	0.6475	0.595	0.6475	0.7	0.8325	0.765	0.8325	0.9	0.925	0.85	0.925	1	1
