31
0.00 68.96 68.49 87.63 53.50 70.82 47.33 79.87 74.49 71.65 70.54 101.73 74.64 91.26 88.32 84.95 46.04 78.97 68.93 74.28 76.11 54.00 62.68 51.56 79.37 75.25 99.38 64.07 84.17 45.10 92.30
68.96 0.00 5.43 22.89 25.69 16.25 24.17 11.83 16.16 17.39 20.77 32.82 11.34 25.40 29.24 16.24 26.87 11.02 16.77 23.49 19.65 14.98 7.41 26.63 11.32 17.06 31.84 5.27 16.18 24.07 23.34
68.49 5.43 0.00 20.42 29.25 10.89 26.04 15.41 21.56 12.06 26.11 33.57 16.57 23.53 25.34 16.75 28.99 14.76 22.07 28.91 14.72 15.02 10.75 29.93 14.94 22.45 31.03 5.49 15.69 24.55 24.56
87.63 22.89 20.42 0.00 48.56 17.48 46.41 20.91 33.44 17.03 40.31 19.85 27.98 19.14 9.80 11.76 49.31 21.21 37.05 41.48 13.35 35.33 30.20 49.52 20.92 33.90 12.89 25.82 9.11 44.84 15.74
53.50 25.69 29.25 48.56 0.00 38.75 9.76 31.96 22.46 40.02 17.22 55.06 24.69 50.87 54.57 40.34 8.69 31.14 16.48 20.80 43.59 18.85 18.57 15.75 31.59 23.02 56.38 23.94 41.15 16.23 45.61
70.82 16.25 10.89 17.48 38.75 0.00 33.70 23.78 32.18 10.03 37.00 35.63 26.92 21.38 17.95 20.61 36.80 23.39 32.96 39.72 5.53 21.56 20.97 39.12 23.42 33.03 30.22 15.17 18.13 30.39 28.30
47.33 24.17 26.04 46.41 9.76 33.70 0.00 33.46 27.19 34.93 24.05 56.34 27.48 49.30 50.89 40.26 15.40 32.56 21.82 28.06 39.00 12.18 16.88 8.56 32.99 27.98 56.01 20.60 40.34 6.54 46.73
79.87 11.83 15.41 20.91 31.96 23.78 33.46 0.00 12.77 24.55 19.99 23.16 7.80 21.60 29.95 9.66 35.68 14.96 17.36 20.67 24.76 26.33 17.19 33.42 15.37 13.12 25.01 17.09 11.82 34.77 13.64
74.49 16.16 21.56 33.44 22.46 32.18 27.19 12.77 0.00 33.24 7.36 34.03 5.61 34.36 42.01 22.43 28.53 12.31 6.00 8.09 34.78 24.96 15.76 24.25 12.65 11.91 37.42 19.65 24.47 30.75 25.22
71.65 17.39 12.06 17.03 40.02 10.03 34.93 24.55 33.24 0.00 38.15 35.56 27.93 20.96 16.92 20.91 38.03 24.19 34.12 40.83 4.50 22.78 22.22 40.39 24.20 34.07 29.85 16.43 18.33 31.55 28.48
70.54 20.77 26.11 40.31 17.22 37.00 24.05 19.99 7.36 38.15 0.00 41.28 12.37 41.46 48.51 29.61 24.65 19.45 13.36 14.93 40.27 25.28 17.66 19.15 19.82 7.35 44.77 22.85 31.49 28.86 32.57
101.73 32.82 33.57 19.85 55.06 35.63 56.34 23.16 34.03 35.56 41.28 0.00 30.45 16.39 27.94 16.85 58.71 24.01 39.63 40.47 32.66 47.74 39.60 56.55 23.57 33.93 9.48 37.66 18.16 56.88 9.61
74.64 11.34 16.57 27.98 24.69 26.92 27.48 7.80 5.61 27.93 12.37 30.45 0.00 29.10 36.43 17.31 29.35 7.16 9.55 13.69 29.27 22.72 13.08 26.27 7.56 6.29 32.81 15.62 19.12 29.91 21.15
91.26 25.40 23.53 19.14 50.87 21.38 49.30 21.60 34.36 20.96 41.46 16.39 29.10 0.00 11.88 11.98 52.13 22.06 38.45 42.27 17.28 38.53 32.79 51.94 21.71 34.73 8.96 28.79 10.03 48.06 13.81
88.32 29.24 25.34 9.80 54.57 17.95 50.89 29.95 42.01 16.92 48.51 27.94 36.43 11.88 0.00 21.35 53.93 30.12 44.94 50.11 12.43 38.99 36.01 55.27 29.88 42.58 19.22 30.76 18.49 48.14 25.38
84.95 16.24 16.75 11.76 40.34 20.61 40.26 9.66 22.43 20.91 29.61 16.85 17.31 11.98 21.35 0.00 42.83 10.17 26.79 30.30 19.42 30.99 23.38 41.61 9.80 22.77 16.04 20.88 18.13 40.27 7.96
46.04 26.87 28.99 49.31 8.69 36.80 15.40 35.68 28.53 38.03 24.65 58.71 29.35 52.13 53.93 42.83 0.00 34.80 22.89 28.54 42.09 15.29 19.51 7.05 35.23 29.26 58.68 23.52 43.04 8.86 49.10
78.97 11.02 14.76 21.21 31.14 23.39 32.56 14.96 12.31 24.19 19.45 24.01 7.16 22.06 30.12 10.17 34.80 0.00 16.70 20.29 24.56 25.45 16.29 32.59 14.73 12.71 25.70 16.27 12.18 33.87 14.48
68.93 16.77 22.07 37.05 16.48 32.96 21.82 17.36 6.00 34.12 13.36 39.63 9.55 38.45 44.94 26.79 22.89 16.70 0.00 7.69 36.35 21.61 13.62 18.29 17.11 6.54 42.36 18.75 28.42 26.03 30.55
74.28 23.49 28.91 41.48 20.80 39.72 28.06 20.67 8.09 40.83 14.93 40.47 13.69 42.27 50.11 30.30 28.54 20.29 7.69 0.00 42.63 29.23 21.24 22.75 20.60 7.58 44.78 26.14 32.46 32.95 32.25
76.11 19.65 14.72 13.35 43.59 5.53 39.00 24.76 34.78 4.50 40.27 32.66 29.27 17.28 12.43 19.42 42.09 24.56 36.35 42.63 0.00 26.92 25.37 44.08 24.49 35.54 26.23 19.70 16.55 35.88 26.43
54.00 14.98 15.02 35.33 18.85 21.56 12.18 26.33 24.96 22.78 25.28 47.74 22.72 38.53 38.99 30.99 15.29 25.45 21.61 29.23 26.92 0.00 9.65 18.68 25.82 25.93 45.98 10.12 30.43 9.53 38.31
62.68 7.41 10.75 30.20 18.57 20.97 16.88 17.19 15.76 22.22 17.66 39.60 13.08 32.79 36.01 23.38 19.51 16.29 13.62 21.24 25.37 9.65 0.00 19.38 16.70 16.74 39.17 5.81 23.53 17.58 30.01
51.56 26.63 29.93 49.52 15.75 39.12 8.56 33.42 24.25 40.39 19.15 56.55 26.27 51.94 55.27 41.61 7.05 32.59 18.29 22.75 44.08 18.68 19.38 0.00 33.03 24.83 57.65 24.53 42.31 15.10 47.06
79.37 11.32 14.94 20.92 31.59 23.42 32.99 15.37 12.65 24.20 19.82 23.57 7.56 21.71 29.88 9.80 35.23 14.73 17.11 20.60 24.49 25.82 16.70 33.03 0.00 13.04 25.28 16.59 11.86 34.27 14.03
75.25 17.06 22.45 33.90 23.02 33.03 27.98 13.12 11.91 34.07 7.35 33.93 6.29 34.73 42.58 22.77 29.26 12.71 6.54 7.58 35.54 25.93 16.74 24.83 13.04 0.00 37.56 20.61 24.89 31.64 25.25
99.38 31.84 31.03 12.89 56.38 30.22 56.01 25.01 37.42 29.85 44.77 9.48 32.81 8.96 19.22 16.04 58.68 25.70 42.36 44.78 26.23 45.98 39.17 57.65 25.28 37.56 0.00 35.94 15.68 55.46 12.73
64.07 5.27 5.49 25.82 23.94 15.17 20.60 17.09 19.65 16.43 22.85 37.66 15.62 28.79 30.76 20.88 23.52 16.27 18.75 26.14 19.70 10.12 5.81 24.53 16.59 20.61 35.94 0.00 20.34 19.52 28.30
84.17 16.18 15.69 9.11 41.15 18.13 40.34 11.82 24.47 18.33 31.49 18.16 19.12 10.03 18.49 18.13 43.04 12.18 28.42 32.46 16.55 30.43 23.53 42.31 11.86 24.89 15.68 20.34 0.00 39.86 10.16
45.10 24.07 24.55 44.84 16.23 30.39 6.54 34.77 30.75 31.55 28.86 56.88 29.91 48.06 48.14 40.27 8.86 33.87 26.03 32.95 35.88 9.53 17.58 15.10 34.27 31.64 55.46 19.52 39.86 0.00 47.36
92.30 23.34 24.56 15.74 45.61 28.30 46.73 13.64 25.22 28.48 32.57 9.61 21.15 13.81 25.38 7.96 49.10 14.48 30.55 32.25 26.43 38.31 30.01 47.06 14.03 25.25 12.73 28.30 10.16 47.36 0.00
0	0	1700	0	0	0
1	37	117	1	0	24
2	44	124	1	0	17
3	69	149	1	0	30
4	178	258	1	0	18
5	278	358	1	0	8
6	336	416	1	0	28
7	393	473	1	0	27
8	429	509	-1	5	0
9	523	603	1	0	23
10	593	673	1	0	22
11	653	733	1	0	26
12	694	774	1	0	16
13	740	820	1	0	21
14	767	847	1	0	15
15	810	890	-1	14	0
16	886	966	-1	12	0
17	935	1015	-1	2	0
18	956	1036	-1	4	0
19	966	1046	1	0	29
20	1014	1094	1	0	25
21	1042	1122	-1	13	0
22	1052	1132	-1	10	0
23	1071	1151	-1	9	0
24	1105	1185	-1	1	0
25	1118	1198	-1	20	0
26	1156	1236	-1	11	0
27	1192	1272	-1	7	0
28	1212	1292	-1	6	0
29	1253	1333	-1	19	0
30	1300	1380	-1	3	0
C:
0 3 3 3 3 3 3 3 3 3 3 3 3 3 3 3 3 3 3 3 3 3 3 3 3 3 3 3 3 3 3 3
1 0 1 1 1 1 1 1 1 1 1 1 1 1 1 1 1 1 1 1 1 1 1 1 1 1 1 1 1 1 1 1
1 1 0 1 1 1 1 1 1 1 1 1 1 1 1 1 1 1 1 1 1 1 1 1 1 1 1 1 1 1 1 1
2 2 2 0 2 2 2 2 2 2 2 2 2 2 2 2 2 2 2 2 2 2 2 2 2 2 2 2 2 2 2 2
3 3 3 3 0 3 3 3 3 3 3 3 3 3 3 3 3 3 3 3 3 3 3 3 3 3 3 3 3 3 3 3
2 2 2 2 2 0 2 2 2 2 2 2 2 2 2 2 2 2 2 2 2 2 2 2 2 2 2 2 2 2 2 2
3 3 3 3 3 3 0 3 3 3 3 3 3 3 3 3 3 3 3 3 3 3 3 3 3 3 3 3 3 3 3 3
1 1 1 1 1 1 1 0 1 1 1 1 1 1 1 1 1 1 1 1 1 1 1 1 1 1 1 1 1 1 1 1
1 1 1 1 1 1 1 1 0 1 1 1 1 1 1 1 1 1 1 1 1 1 1 1 1 1 1 1 1 1 1 1
2 2 2 2 2 2 2 2 2 0 2 2 2 2 2 2 2 2 2 2 2 2 2 2 2 2 2 2 2 2 2 2
2 2 2 2 2 2 2 2 2 2 0 2 2 2 2 2 2 2 2 2 2 2 2 2 2 2 2 2 2 2 2 2
3 3 3 3 3 3 3 3 3 3 3 0 3 3 3 3 3 3 3 3 3 3 3 3 3 3 3 3 3 3 3 3
1 1 1 1 1 1 1 1 1 1 1 1 0 1 1 1 1 1 1 1 1 1 1 1 1 1 1 1 1 1 1 1
2 2 2 2 2 2 2 2 2 2 2 2 2 0 2 2 2 2 2 2 2 2 2 2 2 2 2 2 2 2 2 2
3 3 3 3 3 3 3 3 3 3 3 3 3 3 0 3 3 3 3 3 3 3 3 3 3 3 3 3 3 3 3 3
1 1 1 1 1 1 1 1 1 1 1 1 1 1 1 0 1 1 1 1 1 1 1 1 1 1 1 1 1 1 1 1
3 3 3 3 3 3 3 3 3 3 3 3 3 3 3 3 0 3 3 3 3 3 3 3 3 3 3 3 3 3 3 3
1 1 1 1 1 1 1 1 1 1 1 1 1 1 1 1 1 0 1 1 1 1 1 1 1 1 1 1 1 1 1 1
2 2 2 2 2 2 2 2 2 2 2 2 2 2 2 2 2 2 0 2 2 2 2 2 2 2 2 2 2 2 2 2
2 2 2 2 2 2 2 2 2 2 2 2 2 2 2 2 2 2 2 0 2 2 2 2 2 2 2 2 2 2 2 2
2 2 2 2 2 2 2 2 2 2 2 2 2 2 2 2 2 2 2 2 0 2 2 2 2 2 2 2 2 2 2 2
2 2 2 2 2 2 2 2 2 2 2 2 2 2 2 2 2 2 2 2 2 0 2 2 2 2 2 2 2 2 2 2
1 1 1 1 1 1 1 1 1 1 1 1 1 1 1 1 1 1 1 1 1 1 0 1 1 1 1 1 1 1 1 1
3 3 3 3 3 3 3 3 3 3 3 3 3 3 3 3 3 3 3 3 3 3 3 0 3 3 3 3 3 3 3 3
1 1 1 1 1 1 1 1 1 1 1 1 1 1 1 1 1 1 1 1 1 1 1 1 0 1 1 1 1 1 1 1
2 2 2 2 2 2 2 2 2 2 2 2 2 2 2 2 2 2 2 2 2 2 2 2 2 0 2 2 2 2 2 2
3 3 3 3 3 3 3 3 3 3 3 3 3 3 3 3 3 3 3 3 3 3 3 3 3 3 0 3 3 3 3 3
1 1 1 1 1 1 1 1 1 1 1 1 1 1 1 1 1 1 1 1 1 1 1 1 1 1 1 0 1 1 1 1
2 2 2 2 2 2 2 2 2 2 2 2 2 2 2 2 2 2 2 2 2 2 2 2 2 2 2 2 0 2 2 2
3 3 3 3 3 3 3 3 3 3 3 3 3 3 3 3 3 3 3 3 3 3 3 3 3 3 3 3 3 0 3 3
2 2 2 2 2 2 2 2 2 2 2 2 2 2 2 2 2 2 2 2 2 2 2 2 2 2 2 2 2 2 0 2
3 3 3 3 3 3 3 3 3 3 3 3 3 3 3 3 3 3 3 3 3 3 3 3 3 3 3 3 3 3 3 0
Time:
0	15
15	30
30	45
45	60
60	75
75	90
90	105
105	120
120	135
135	150
150	165
165	180
180	195
195	210
210	225
225	240
240	255
255	270
270	285
285	300
300	315
315	330
330	345
345	360
360	375
375	390
390	405
405	420
420	435
435	450
450	465
465	480
480	495
495	510
510	525
525	540
540	555
555	570
570	585
585	600
600	615
615	630
630	645
645	660
660	675
675	690
690	705
705	720
720	735
735	750
750	765
765	780
780	795
795	810
810	825
825	840
840	855
855	870
870	885
885	900
900	915
915	930
930	945
945	960
960	975
975	990
990	1005
1005	1020
1020	1035
1035	1050
1050	1065
1065	1080
1080	2000
Speed:
0.925	0.85	0.925	1	0.8325	0.765	0.8325	0.9	0.4625	0.425	0.4625	0.5	0.30525	0.2805	0.30525	0.33	0.37	0.34	0.37	0.4	0.555	0.51	0.555	0.6	0.6475	0.595	0.6475	0.7	0.37	0.34	0.37	0.4	0.30525	0.2805	0.30525	0.33	0.4625	0.425	0.4625	0.5	0.6475	0.595	0.6475	0.7	0.74	0.68	0.74	0.8	0.6475	0.595	0.6475	0.7	0.4625	0.425	0.4625	0.5	0.555	0.51	0.555	0.6	0.6475	0.595	0.6475	0.7	0.8325	0.765	0.8325	0.9	0.925	0.85	0.925	1	1
0.925	0.85	0.925	1	0.8325	0.765	0.8325	0.9	0.4625	0.425	0.4625	0.5	0.30525	0.2805	0.30525	0.33	0.37	0.34	0.37	0.4	0.555	0.51	0.555	0.6	0.6475	0.595	0.6475	0.7	0.37	0.34	0.37	0.4	0.30525	0.2805	0.30525	0.33	0.4625	0.425	0.4625	0.5	0.6475	0.595	0.6475	0.7	0.74	0.68	0.74	0.8	0.6475	0.595	0.6475	0.7	0.4625	0.425	0.4625	0.5	0.555	0.51	0.555	0.6	0.6475	0.595	0.6475	0.7	0.8325	0.765	0.8325	0.9	0.925	0.85	0.925	1	1
0.925	0.85	0.925	1	0.8325	0.765	0.8325	0.9	0.4625	0.425	0.4625	0.5	0.30525	0.2805	0.30525	0.33	0.37	0.34	0.37	0.4	0.555	0.51	0.555	0.6	0.6475	0.595	0.6475	0.7	0.37	0.34	0.37	0.4	0.30525	0.2805	0.30525	0.33	0.4625	0.425	0.4625	0.5	0.6475	0.595	0.6475	0.7	0.74	0.68	0.74	0.8	0.6475	0.595	0.6475	0.7	0.4625	0.425	0.4625	0.5	0.555	0.51	0.555	0.6	0.6475	0.595	0.6475	0.7	0.8325	0.765	0.8325	0.9	0.925	0.85	0.925	1	1
