31
0.00 73.31 68.98 90.99 60.11 97.51 89.20 84.91 39.85 82.37 51.85 74.68 80.96 82.27 68.34 48.76 53.32 68.00 110.29 60.80 72.33 73.74 98.31 68.58 71.36 56.19 83.76 98.26 56.58 74.48 73.23
73.31 0.00 47.19 19.90 23.19 25.13 29.30 29.25 49.05 28.46 30.84 51.84 7.78 25.82 11.67 52.73 27.39 16.97 38.90 20.94 52.83 29.18 32.85 19.03 5.99 59.08 24.97 26.75 24.62 30.35 43.38
68.98 47.19 0.00 49.11 26.21 55.79 35.10 29.86 29.14 27.80 25.29 6.45 52.13 30.09 35.58 21.55 27.40 30.22 62.18 28.29 5.90 20.05 45.26 28.19 41.21 19.59 32.49 54.07 27.32 19.38 6.67
90.99 19.90 49.11 0.00 33.51 7.17 17.52 21.08 61.16 22.21 42.70 51.65 15.07 19.44 22.85 61.75 39.89 24.76 19.43 31.95 53.65 29.13 15.11 25.31 19.81 65.69 17.16 7.27 36.49 29.74 43.34
60.11 23.19 26.21 33.51 0.00 40.64 29.12 25.10 27.69 22.67 9.21 31.94 29.84 22.23 12.11 29.76 6.82 8.76 51.72 14.79 32.11 15.51 38.30 8.65 17.74 35.90 23.65 40.42 15.62 16.63 24.49
97.51 25.13 55.79 7.17 40.64 0.00 22.57 26.89 68.30 28.38 49.82 58.00 18.76 25.80 29.72 68.90 46.95 31.89 13.95 39.03 60.13 35.95 16.80 32.48 26.15 72.72 23.43 14.44 43.56 36.47 49.84
89.20 29.30 35.10 17.52 29.12 22.57 0.00 5.33 54.02 7.77 37.54 36.26 28.69 6.96 24.16 51.81 35.88 22.03 27.08 28.68 38.68 17.24 10.41 20.92 25.41 53.65 5.59 20.07 32.66 17.15 28.66
84.91 29.25 29.86 21.08 25.10 26.89 5.33 0.00 49.05 9.54 33.09 31.29 30.05 12.29 22.13 46.55 31.71 18.98 32.36 24.97 33.61 12.07 15.73 17.47 24.54 48.32 4.50 24.70 28.64 11.88 23.48
39.85 49.05 29.14 61.16 27.69 68.30 54.02 49.05 0.00 46.44 18.64 34.90 56.46 47.20 39.38 10.49 21.86 36.42 78.89 29.46 32.67 37.04 64.14 35.92 44.50 19.78 49.19 67.95 25.04 37.46 33.63
82.37 28.46 27.80 22.21 22.67 28.38 7.77 9.54 46.44 0.00 30.53 29.61 29.92 14.73 20.51 44.04 29.22 16.95 34.60 22.64 31.80 9.49 18.18 15.30 23.42 46.00 5.05 26.40 26.20 9.38 21.57
51.85 30.84 25.29 42.70 9.21 49.82 37.54 33.09 18.64 30.53 0.00 31.65 38.04 30.58 20.74 22.19 16.03 17.96 60.90 10.84 30.94 22.01 47.11 17.76 25.98 29.69 32.25 49.63 6.41 22.86 25.97
74.68 51.84 6.45 51.65 31.94 58.00 36.26 31.29 34.90 29.61 31.65 0.00 56.20 32.24 40.41 26.44 33.64 34.99 63.05 33.92 12.35 23.38 45.93 32.84 45.85 22.45 34.58 55.97 33.34 22.45 8.58
80.96 7.78 52.13 15.07 29.84 18.76 28.69 30.05 56.46 29.92 38.04 56.20 0.00 27.02 17.77 59.59 34.66 22.46 32.71 27.69 57.53 32.91 29.70 24.20 12.12 65.44 25.55 20.98 31.70 33.95 47.63
82.27 25.82 30.09 19.44 22.23 25.80 6.96 12.29 47.20 14.73 30.58 32.24 27.02 0.00 18.56 45.41 28.96 15.60 32.79 21.91 34.33 10.87 16.96 14.25 21.00 47.87 12.55 23.98 25.78 11.06 24.04
68.34 11.67 35.58 22.85 12.11 29.72 24.16 22.13 39.38 20.51 20.74 40.41 17.77 18.56 0.00 41.86 17.57 5.43 41.98 10.04 41.28 18.51 31.13 7.63 5.80 47.71 18.76 30.06 14.34 19.77 32.06
48.76 52.73 21.55 61.75 29.76 68.90 51.81 46.55 10.49 44.04 22.19 26.44 59.59 45.41 41.86 0.00 25.70 37.81 78.08 31.91 23.83 34.61 62.21 36.71 47.48 9.41 47.65 68.04 28.14 34.68 27.25
53.32 27.39 27.40 39.89 6.82 46.95 35.88 31.71 21.86 29.22 16.03 33.64 34.66 28.96 17.57 25.70 0.00 15.30 58.38 7.96 33.19 21.33 45.13 15.44 22.64 33.08 30.45 46.91 12.51 22.31 27.32
68.00 16.97 30.22 24.76 8.76 31.89 22.03 18.98 36.42 16.95 17.96 34.99 22.46 15.60 5.43 37.81 15.30 0.00 43.08 7.36 35.89 13.37 30.37 13.05 10.99 43.08 16.44 31.68 11.87 14.63 26.64
110.29 38.90 62.18 19.43 51.72 13.95 27.08 32.36 78.89 34.60 60.90 63.05 32.71 32.79 41.98 78.08 58.38 43.08 0.00 50.43 65.59 43.65 17.13 43.14 39.24 80.59 30.48 12.22 54.95 43.81 55.70
60.80 20.94 28.29 31.95 14.79 39.03 28.68 24.97 29.46 22.64 10.84 33.92 27.69 21.91 10.04 31.91 7.96 7.36 50.43 0.00 34.19 16.27 37.52 7.80 15.57 38.16 23.13 38.95 4.55 17.46 26.29
72.33 52.83 5.90 53.65 32.11 60.13 38.68 33.61 32.67 31.80 30.94 12.35 57.53 34.33 41.28 23.83 33.19 35.89 65.59 34.19 0.00 24.96 48.50 33.80 46.84 19.43 36.70 58.20 33.20 24.13 10.31
73.74 29.18 20.05 29.13 15.51 35.95 17.24 12.07 37.04 9.49 22.01 23.38 32.91 10.87 18.51 34.61 21.33 13.37 43.65 16.27 24.96 0.00 27.60 11.12 23.31 37.07 13.18 34.46 18.77 18.87 14.80
98.31 32.85 45.26 15.11 38.30 16.80 10.41 15.73 64.14 18.18 47.11 45.93 29.70 16.96 31.13 62.21 45.13 30.37 17.13 37.52 48.50 27.60 0.00 29.75 30.60 64.02 14.97 13.53 41.79 27.55 38.71
68.58 19.03 28.19 25.31 8.65 32.48 20.92 17.47 35.92 15.30 17.76 32.84 24.20 14.25 7.63 36.71 15.44 13.05 43.14 7.80 33.80 11.12 29.75 0.00 13.04 41.62 15.35 32.03 12.06 12.40 24.45
71.36 5.99 41.21 19.81 17.74 26.15 25.41 24.54 44.50 23.42 25.98 45.85 12.12 21.00 5.80 47.48 22.64 10.99 39.24 15.57 46.84 23.31 30.60 13.04 0.00 53.49 20.53 27.06 19.60 24.51 37.40
56.19 59.08 19.59 65.69 35.90 72.72 53.65 48.32 19.78 46.00 29.69 22.45 65.44 47.87 47.71 9.41 33.08 43.08 80.59 38.16 19.43 37.07 64.02 41.62 53.49 0.00 50.22 71.45 34.99 36.80 26.19
83.76 24.97 32.49 17.16 23.65 23.43 5.59 4.50 49.19 5.05 32.25 34.58 25.55 12.55 18.76 47.65 30.45 16.44 30.48 23.13 36.70 13.18 14.97 15.35 20.53 50.22 0.00 21.58 27.19 13.43 26.42
98.26 26.75 54.07 7.27 40.42 14.44 20.07 24.70 67.95 26.40 49.63 55.97 20.98 23.98 30.06 68.04 46.91 31.68 12.22 38.95 58.20 34.46 13.53 32.03 27.06 71.45 21.58 0.00 43.50 34.88 47.96
56.58 24.62 27.32 36.49 15.62 43.56 32.66 28.64 25.04 26.20 6.41 33.34 31.70 25.78 14.34 28.14 12.51 11.87 54.95 4.55 33.20 18.77 41.79 12.06 19.60 34.99 27.19 43.50 0.00 19.84 26.40
74.48 30.35 19.38 29.74 16.63 36.47 17.15 11.88 37.46 9.38 22.86 22.45 33.95 11.06 19.77 34.68 22.31 14.63 43.81 17.46 24.13 18.87 27.55 12.40 24.51 36.80 13.43 34.88 19.84 0.00 13.89
73.23 43.38 6.67 43.34 24.49 49.84 28.66 23.48 33.63 21.57 25.97 8.58 47.63 24.04 32.06 27.25 27.32 26.64 55.70 26.29 10.31 14.80 38.71 24.45 37.40 26.19 26.42 47.96 26.40 13.89 0.00
0	0	1700	0	0	0
1	42	122	1	0	30
2	115	195	1	0	5
3	251	331	1	0	10
4	315	395	1	0	13
5	378	458	-1	2	0
6	438	518	1	0	14
7	454	534	1	0	16
8	572	652	1	0	12
9	641	721	1	0	23
10	682	762	-1	3	0
11	732	812	1	0	26
12	842	922	-1	8	0
13	886	966	-1	4	0
14	915	995	-1	6	0
15	968	1048	1	0	22
16	996	1076	-1	7	0
17	1014	1094	1	0	29
18	1059	1139	1	0	27
19	1110	1190	1	0	28
20	1144	1224	1	0	25
21	1169	1249	1	0	24
22	1198	1278	-1	15	0
23	1227	1307	-1	9	0
24	1241	1321	-1	21	0
25	1295	1375	-1	20	0
26	1345	1425	-1	11	0
27	1367	1447	-1	18	0
28	1410	1490	-1	19	0
29	1431	1511	-1	17	0
30	1445	1525	-1	1	0
C:
0 3 3 3 3 3 3 3 3 3 3 3 3 3 3 3 3 3 3 3 3 3 3 3 3 3 3 3 3 3 3 3
2 0 2 2 2 2 2 2 2 2 2 2 2 2 2 2 2 2 2 2 2 2 2 2 2 2 2 2 2 2 2 2
3 3 0 3 3 3 3 3 3 3 3 3 3 3 3 3 3 3 3 3 3 3 3 3 3 3 3 3 3 3 3 3
3 3 3 0 3 3 3 3 3 3 3 3 3 3 3 3 3 3 3 3 3 3 3 3 3 3 3 3 3 3 3 3
1 1 1 1 0 1 1 1 1 1 1 1 1 1 1 1 1 1 1 1 1 1 1 1 1 1 1 1 1 1 1 1
3 3 3 3 3 0 3 3 3 3 3 3 3 3 3 3 3 3 3 3 3 3 3 3 3 3 3 3 3 3 3 3
2 2 2 2 2 2 0 2 2 2 2 2 2 2 2 2 2 2 2 2 2 2 2 2 2 2 2 2 2 2 2 2
1 1 1 1 1 1 1 0 1 1 1 1 1 1 1 1 1 1 1 1 1 1 1 1 1 1 1 1 1 1 1 1
3 3 3 3 3 3 3 3 0 3 3 3 3 3 3 3 3 3 3 3 3 3 3 3 3 3 3 3 3 3 3 3
1 1 1 1 1 1 1 1 1 0 1 1 1 1 1 1 1 1 1 1 1 1 1 1 1 1 1 1 1 1 1 1
2 2 2 2 2 2 2 2 2 2 0 2 2 2 2 2 2 2 2 2 2 2 2 2 2 2 2 2 2 2 2 2
3 3 3 3 3 3 3 3 3 3 3 0 3 3 3 3 3 3 3 3 3 3 3 3 3 3 3 3 3 3 3 3
3 3 3 3 3 3 3 3 3 3 3 3 0 3 3 3 3 3 3 3 3 3 3 3 3 3 3 3 3 3 3 3
1 1 1 1 1 1 1 1 1 1 1 1 1 0 1 1 1 1 1 1 1 1 1 1 1 1 1 1 1 1 1 1
1 1 1 1 1 1 1 1 1 1 1 1 1 1 0 1 1 1 1 1 1 1 1 1 1 1 1 1 1 1 1 1
3 3 3 3 3 3 3 3 3 3 3 3 3 3 3 0 3 3 3 3 3 3 3 3 3 3 3 3 3 3 3 3
2 2 2 2 2 2 2 2 2 2 2 2 2 2 2 2 0 2 2 2 2 2 2 2 2 2 2 2 2 2 2 2
1 1 1 1 1 1 1 1 1 1 1 1 1 1 1 1 1 0 1 1 1 1 1 1 1 1 1 1 1 1 1 1
3 3 3 3 3 3 3 3 3 3 3 3 3 3 3 3 3 3 0 3 3 3 3 3 3 3 3 3 3 3 3 3
1 1 1 1 1 1 1 1 1 1 1 1 1 1 1 1 1 1 1 0 1 1 1 1 1 1 1 1 1 1 1 1
3 3 3 3 3 3 3 3 3 3 3 3 3 3 3 3 3 3 3 3 0 3 3 3 3 3 3 3 3 3 3 3
1 1 1 1 1 1 1 1 1 1 1 1 1 1 1 1 1 1 1 1 1 0 1 1 1 1 1 1 1 1 1 1
3 3 3 3 3 3 3 3 3 3 3 3 3 3 3 3 3 3 3 3 3 3 0 3 3 3 3 3 3 3 3 3
1 1 1 1 1 1 1 1 1 1 1 1 1 1 1 1 1 1 1 1 1 1 1 0 1 1 1 1 1 1 1 1
2 2 2 2 2 2 2 2 2 2 2 2 2 2 2 2 2 2 2 2 2 2 2 2 0 2 2 2 2 2 2 2
3 3 3 3 3 3 3 3 3 3 3 3 3 3 3 3 3 3 3 3 3 3 3 3 3 0 3 3 3 3 3 3
1 1 1 1 1 1 1 1 1 1 1 1 1 1 1 1 1 1 1 1 1 1 1 1 1 1 0 1 1 1 1 1
3 3 3 3 3 3 3 3 3 3 3 3 3 3 3 3 3 3 3 3 3 3 3 3 3 3 3 0 3 3 3 3
1 1 1 1 1 1 1 1 1 1 1 1 1 1 1 1 1 1 1 1 1 1 1 1 1 1 1 1 0 1 1 1
1 1 1 1 1 1 1 1 1 1 1 1 1 1 1 1 1 1 1 1 1 1 1 1 1 1 1 1 1 0 1 1
2 2 2 2 2 2 2 2 2 2 2 2 2 2 2 2 2 2 2 2 2 2 2 2 2 2 2 2 2 2 0 2
3 3 3 3 3 3 3 3 3 3 3 3 3 3 3 3 3 3 3 3 3 3 3 3 3 3 3 3 3 3 3 0
Time:
0	15
15	30
30	45
45	60
60	75
75	90
90	105
105	120
120	135
135	150
150	165
165	180
180	195
195	210
210	225
225	240
240	255
255	270
270	285
285	300
300	315
315	330
330	345
345	360
360	375
375	390
390	405
405	420
420	435
435	450
450	465
465	480
480	495
495	510
510	525
525	540
540	555
555	570
570	585
585	600
600	615
615	630
630	645
645	660
660	675
675	690
690	705
705	720
720	735
735	750
750	765
765	780
780	795
795	810
810	825
825	840
840	855
855	870
870	885
885	900
900	915
915	930
930	945
945	960
960	975
975	990
990	1005
1005	1020
1020	1035
1035	1050
1050	1065
1065	1080
1080	2000
Speed:
0.925	0.85	0.925	1	0.8325	0.765	0.8325	0.9	0.4625	0.425	0.4625	0.5	0.30525	0.2805	0.30525	0.33	0.37	0.34	0.37	0.4	0.555	0.51	0.555	0.6	0.6475	0.595	0.6475	0.7	0.37	0.34	0.37	0.4	0.30525	0.2805	0.30525	0.33	0.4625	0.425	0.4625	0.5	0.6475	0.595	0.6475	0.7	0.74	0.68	0.74	0.8	0.6475	0.595	0.6475	0.7	0.4625	0.425	0.4625	0.5	0.555	0.51	0.555	0.6	0.6475	0.595	0.6475	0.7	0.8325	0.765	0.8325	0.9	0.925	0.85	0.925	1	1
0.925	0.85	0.925	1	0.8325	0.765	0.8325	0.9	0.4625	0.425	0.4625	0.5	0.30525	0.2805	0.30525	0.33	0.37	0.34	0.37	0.4	0.555	0.51	0.555	0.6	0.6475	0.595	0.6475	0.7	0.37	0.34	0.37	0.4	0.30525	0.2805	0.30525	0.33	0.4625	0.425	0.4625	0.5	0.6475	0.595	0.6475	0.7	0.74	0.68	0.74	0.8	0.6475	0.595	0.6475	0.7	0.4625	0.425	0.4625	0.5	0.555	0.51	0.555	0.6	0.6475	0.595	0.6475	0.7	0.8325	0.765	0.8325	0.9	0.925	0.85	0.925	1	1
0.925	0.85	0.925	1	0.8325	0.765	0.8325	0.9	0.4625	0.425	0.4625	0.5	0.30525	0.2805	0.30525	0.33	0.37	0.34	0.37	0.4	0.555	0.51	0.555	0.6	0.6475	0.595	0.6475	0.7	0.37	0.34	0.37	0.4	0.30525	0.2805	0.30525	0.33	0.4625	0.425	0.4625	0.5	0.6475	0.595	0.6475	0.7	0.74	0.68	0.74	0.8	0.6475	0.595	0.6475	0.7	0.4625	0.425	0.4625	0.5	0.555	0.51	0.555	0.6	0.6475	0.595	0.6475	0.7	0.8325	0.765	0.8325	0.9	0.925	0.85	0.925	1	1
