41
0.00 70.83 68.47 79.81 78.49 48.96 68.24 72.98 103.07 72.88 61.02 64.55 72.88 65.02 70.10 70.82 90.12 69.38 74.49 65.04 77.18 78.57 78.91 60.56 72.07 79.27 86.06 74.49 63.90 52.43 81.48 76.53 71.72 66.14 58.20 75.45 85.12 68.46 69.18 69.09 64.91
70.83 0.00 8.57 16.57 7.81 21.97 5.38 10.02 38.69 10.87 10.52 6.36 8.69 8.03 12.59 20.44 20.26 4.35 5.22 6.36 22.67 10.18 18.07 11.65 7.99 28.99 34.72 10.35 7.03 18.41 10.73 13.07 9.91 7.13 12.85 4.78 14.84 9.17 6.26 13.67 6.76
68.47 8.57 0.00 12.38 12.33 21.45 11.77 10.16 36.35 10.86 8.42 7.95 8.08 4.23 4.48 28.32 21.89 4.22 7.69 11.01 15.52 10.33 12.69 8.22 16.44 21.55 27.95 9.54 8.08 17.56 15.00 8.60 7.24 12.36 11.51 10.09 17.40 8.82 14.08 5.25 11.64
79.81 16.57 12.38 0.00 13.11 33.80 14.47 16.43 24.01 17.26 20.80 19.58 14.23 16.57 9.72 36.51 13.78 14.07 11.63 21.86 9.01 7.76 15.40 20.51 23.67 14.84 19.00 14.19 19.91 29.91 13.57 13.65 14.51 15.73 23.89 13.78 12.20 12.13 22.76 10.74 22.43
78.49 7.81 12.33 13.11 0.00 29.74 10.83 5.99 32.13 6.47 17.66 13.95 5.62 14.16 14.42 24.27 12.59 9.54 4.65 14.10 21.37 5.36 15.42 18.46 11.75 27.62 32.11 12.34 14.60 26.10 11.70 10.98 6.79 13.04 20.33 11.71 7.11 12.73 12.18 15.86 14.44
48.96 21.97 21.45 33.80 29.74 0.00 20.18 24.06 57.80 23.93 13.10 15.84 24.16 17.38 24.58 26.45 41.85 21.15 26.06 16.07 34.75 30.60 33.79 13.29 23.53 39.45 46.61 25.71 15.23 16.12 32.69 30.05 23.05 18.37 10.00 26.68 36.60 21.66 20.43 24.16 15.96
68.24 5.38 11.77 14.47 10.83 20.18 0.00 7.28 38.07 7.86 7.24 5.11 5.63 9.50 7.89 24.85 21.90 9.73 6.36 7.77 18.76 10.45 15.27 7.75 13.06 24.89 31.13 7.31 5.45 16.33 13.75 10.64 4.54 9.59 10.23 8.08 16.92 12.34 10.61 8.72 8.38
72.98 10.02 10.16 16.43 5.99 24.06 7.28 0.00 37.65 10.45 12.79 8.60 10.43 10.18 13.81 20.12 18.58 6.09 4.80 8.17 23.25 9.36 18.19 13.91 7.30 29.61 35.03 12.09 9.28 20.56 8.78 13.21 11.82 9.22 15.09 12.86 13.10 10.73 6.58 15.02 8.47
103.07 38.69 36.35 24.01 32.13 57.80 38.07 37.65 0.00 38.33 44.75 43.07 36.10 40.49 33.54 55.88 21.13 37.41 33.50 44.78 26.19 28.52 24.36 44.52 43.84 26.20 22.19 35.27 43.49 53.91 30.33 27.75 36.82 39.58 47.86 34.46 25.86 36.14 44.18 34.32 45.28
72.88 10.87 10.86 17.26 6.47 23.93 7.86 10.45 38.33 0.00 13.00 8.70 11.06 10.63 14.60 19.27 19.05 6.72 5.65 7.92 24.10 10.13 19.05 14.19 6.45 30.46 35.88 12.72 9.38 20.50 9.14 14.06 12.40 9.71 15.17 13.49 13.56 11.44 5.86 15.78 8.17
61.02 10.52 8.42 20.80 17.66 13.10 7.24 12.79 44.75 13.00 0.00 4.45 12.08 4.28 12.04 24.74 29.14 8.36 13.47 7.27 22.94 17.68 21.01 8.75 15.69 28.42 35.28 13.77 8.56 9.21 20.64 17.01 10.90 5.29 10.95 14.69 24.10 8.70 12.40 11.98 7.69
64.55 6.36 7.95 19.58 13.95 15.84 5.11 8.60 43.07 8.70 4.45 0.00 8.34 4.39 12.36 21.41 26.03 5.67 10.26 11.72 23.46 14.99 20.34 5.89 11.36 29.41 35.90 9.94 8.67 12.16 16.93 15.75 7.21 4.48 6.49 10.90 20.76 8.47 8.16 12.82 12.15
72.88 8.69 8.08 14.23 5.62 24.16 5.63 10.43 36.10 11.06 12.08 8.34 0.00 8.85 11.50 22.42 17.82 4.34 9.47 8.89 20.86 7.59 15.89 12.97 9.66 27.22 32.69 10.34 8.98 20.50 8.61 10.89 10.17 7.78 14.71 11.11 12.46 8.62 8.55 12.75 9.32
65.02 8.03 4.23 16.57 14.16 17.38 9.50 10.18 40.49 10.63 4.28 4.39 8.85 0.00 8.28 25.72 25.10 4.63 9.70 7.82 19.39 13.55 16.91 4.47 14.91 25.20 31.82 10.55 4.28 13.49 17.09 12.76 7.70 8.82 7.38 11.37 20.21 4.59 12.00 8.56 8.42
70.10 12.59 4.48 9.72 14.42 24.58 7.89 13.81 33.54 14.60 12.04 12.36 11.50 8.28 0.00 32.70 21.57 8.40 10.19 15.49 11.13 10.78 9.25 11.37 20.57 17.08 23.57 12.62 12.42 20.74 16.61 6.57 10.93 7.89 14.98 12.91 17.92 12.87 18.41 9.73 16.11
70.82 20.44 28.32 36.51 24.27 26.45 24.85 20.12 55.88 19.27 24.74 21.41 22.42 25.72 32.70 0.00 34.99 24.33 24.92 17.95 43.11 29.11 38.31 26.39 12.84 49.42 55.10 22.32 21.73 25.42 25.62 33.31 22.43 25.48 24.35 22.79 30.02 28.92 14.31 33.56 17.38
90.12 20.26 21.89 13.78 12.59 41.85 21.90 18.58 21.13 19.05 29.14 26.03 17.82 25.10 21.57 34.99 0.00 20.80 15.78 26.62 22.27 11.59 16.21 29.57 23.57 27.08 28.76 16.47 26.62 38.08 10.04 15.22 18.87 23.98 32.07 15.51 5.49 22.01 24.61 22.95 26.99
69.38 4.35 4.22 14.07 9.54 21.15 9.73 6.09 37.41 6.72 8.36 5.67 4.34 4.63 8.40 24.33 20.80 0.00 5.13 7.84 18.97 9.45 15.08 8.97 12.24 25.19 31.26 6.00 6.12 17.33 12.47 10.28 11.46 10.15 11.28 6.77 15.74 4.83 10.02 9.39 8.43
74.49 5.22 7.69 11.63 4.65 26.06 6.36 4.80 33.50 5.65 13.47 10.26 9.47 9.70 10.19 24.92 15.78 5.13 0.00 11.33 18.66 4.98 13.41 14.10 12.09 25.02 30.26 11.13 10.84 22.30 7.45 8.45 10.90 8.56 16.32 10.00 10.63 8.11 11.20 11.57 11.81
65.04 6.36 11.01 21.86 14.10 16.07 7.77 8.17 44.78 7.92 7.27 11.72 8.89 7.82 15.49 17.95 26.62 7.84 11.33 0.00 26.50 16.30 22.91 8.88 8.58 32.57 38.89 10.15 12.10 12.80 16.95 18.10 8.01 7.75 8.24 11.11 21.18 11.58 5.23 16.09 10.22
77.18 22.67 15.52 9.01 21.37 34.75 18.76 23.25 26.19 24.10 22.94 23.46 20.86 19.39 11.13 43.11 22.27 18.97 18.66 26.50 0.00 16.13 6.38 22.03 30.50 6.36 12.44 21.38 23.54 31.07 22.32 10.42 20.71 19.01 25.71 21.25 21.21 15.00 28.85 10.96 27.12
78.57 10.18 10.33 7.76 5.36 30.60 10.45 9.36 28.52 10.13 17.68 14.99 7.59 13.55 10.78 29.11 11.59 9.45 4.98 16.30 16.13 0.00 10.07 18.02 16.32 22.31 26.76 6.98 15.51 26.77 6.34 5.89 8.31 12.45 20.68 6.35 7.20 10.50 15.94 12.25 16.79
78.91 18.07 12.69 15.40 15.42 33.79 15.27 18.19 24.36 19.05 21.01 20.34 15.89 16.91 9.25 38.31 16.21 15.08 13.41 22.91 6.38 10.07 0.00 20.52 25.49 12.30 16.88 16.08 20.59 29.93 16.09 5.01 16.02 16.20 24.05 15.77 14.83 12.33 24.32 9.96 23.50
60.56 11.65 8.22 20.51 18.46 13.29 7.75 13.91 44.52 14.19 8.75 5.89 12.97 4.47 11.37 26.39 29.57 8.97 14.10 8.88 22.03 18.02 20.52 0.00 17.22 27.33 34.28 14.68 5.29 9.42 21.42 16.79 11.79 5.59 11.11 15.56 24.67 8.39 13.96 11.13 9.32
72.07 7.99 16.44 23.67 11.75 23.53 13.06 7.30 43.84 6.45 15.69 11.36 9.66 14.91 20.57 12.84 23.57 12.24 12.09 8.58 30.50 16.32 25.49 17.22 0.00 36.85 42.33 9.48 11.93 20.77 13.63 20.51 9.82 14.31 16.81 9.98 18.22 17.05 12.31 21.62 8.34
79.27 28.99 21.55 14.84 27.62 39.45 24.89 29.61 26.20 30.46 28.42 29.41 27.22 25.20 17.08 49.42 27.08 25.19 25.02 32.57 6.36 22.31 12.30 27.33 36.85 0.00 7.23 27.75 29.43 35.94 28.39 16.73 27.04 24.93 30.99 27.60 26.83 20.99 35.13 16.64 33.19
86.06 34.72 27.95 19.00 32.11 46.61 31.13 35.03 22.19 35.88 35.28 35.90 32.69 31.82 23.57 55.10 28.76 31.26 30.26 38.89 12.44 26.76 16.88 34.28 42.33 7.23 0.00 32.95 35.98 43.06 32.30 21.82 32.70 31.45 37.96 32.64 29.85 27.43 40.96 23.34 39.51
74.49 10.35 9.54 14.19 12.34 25.71 7.31 12.09 35.27 12.72 13.77 9.94 10.34 10.55 12.62 22.32 16.47 6.00 11.13 10.15 21.38 6.98 16.08 14.68 9.48 27.75 32.95 0.00 10.59 22.08 6.99 11.15 11.85 9.47 16.35 12.77 11.04 10.05 8.98 13.95 10.53
63.90 7.03 8.08 19.91 14.60 15.23 5.45 9.28 43.49 9.38 8.56 8.67 8.98 4.28 12.42 21.73 26.62 6.12 10.84 12.10 23.54 15.51 20.59 5.29 11.93 29.43 35.98 10.59 0.00 11.52 17.58 16.07 7.84 4.54 5.81 11.55 21.37 8.56 8.69 12.81 4.34
52.43 18.41 17.56 29.91 26.10 16.12 16.33 20.56 53.91 20.50 9.21 12.16 20.50 13.49 20.74 25.42 38.08 17.33 22.30 12.80 31.07 26.77 29.93 9.42 20.77 35.94 43.06 22.08 11.52 0.00 29.08 26.16 19.36 14.49 6.12 23.05 32.88 17.78 17.53 20.37 12.78
81.48 10.73 15.00 13.57 11.70 32.69 13.75 8.78 30.33 9.14 20.64 16.93 8.61 17.09 16.61 25.62 10.04 12.47 7.45 16.95 22.32 6.34 16.09 21.42 13.63 28.39 32.30 6.99 17.58 29.08 0.00 12.23 9.78 15.96 23.31 6.03 4.60 15.35 14.58 18.09 17.26
76.53 13.07 8.60 13.65 10.98 30.05 10.64 13.21 27.75 14.06 17.01 15.75 10.89 12.76 6.57 33.31 15.22 10.28 8.45 18.10 10.42 5.89 5.01 16.79 20.51 16.73 21.82 11.15 16.07 26.16 12.23 0.00 11.01 11.89 20.11 10.91 12.23 8.40 19.32 7.84 18.68
71.72 9.91 7.24 14.51 6.79 23.05 4.54 11.82 36.82 12.40 10.90 7.21 10.17 7.70 10.93 22.43 18.87 11.46 10.90 8.01 20.71 8.31 16.02 11.79 9.82 27.04 32.70 11.85 7.84 19.36 9.78 11.01 0.00 6.64 13.54 12.62 13.55 7.80 8.30 12.11 8.48
66.14 7.13 12.36 15.73 13.04 18.37 9.59 9.22 39.58 9.71 5.29 4.48 7.78 8.82 7.89 25.48 23.98 10.15 8.56 7.75 19.01 12.45 16.20 5.59 14.31 24.93 31.45 9.47 4.54 14.49 15.96 11.89 6.64 0.00 8.37 10.27 19.08 12.95 11.53 8.36 8.37
58.20 12.85 11.51 23.89 20.33 10.00 10.23 15.09 47.86 15.17 10.95 6.49 14.71 7.38 14.98 24.35 32.07 11.28 16.32 8.24 25.71 20.68 24.05 11.11 16.81 30.99 37.96 16.35 5.81 6.12 23.31 20.11 13.54 8.37 0.00 17.30 26.94 11.77 13.45 14.80 8.47
75.45 4.78 10.09 13.78 11.71 26.68 8.08 12.86 34.46 13.49 14.69 10.90 11.11 11.37 12.91 22.79 15.51 6.77 10.00 11.11 21.25 6.35 15.77 15.56 9.98 27.60 32.64 12.77 11.55 23.05 6.03 10.91 12.62 10.27 17.30 0.00 10.07 10.57 9.73 14.27 11.48
85.12 14.84 17.40 12.20 7.11 36.60 16.92 13.10 25.86 13.56 24.10 20.76 12.46 20.21 17.92 30.02 5.49 15.74 10.63 21.18 21.21 7.20 14.83 24.67 18.22 26.83 29.85 11.04 21.37 32.88 4.60 12.23 13.55 19.08 26.94 10.07 0.00 17.62 19.14 19.38 21.53
68.46 9.17 8.82 12.13 12.73 21.66 12.34 10.73 36.14 11.44 8.70 8.47 8.62 4.59 12.87 28.92 22.01 4.83 8.11 11.58 15.00 10.50 12.33 8.39 17.05 20.99 27.43 10.05 8.56 17.78 15.35 8.40 7.80 12.95 11.77 10.57 17.62 0.00 14.68 4.64 12.20
69.18 6.26 14.08 22.76 12.18 20.43 10.61 6.58 44.18 5.86 12.40 8.16 8.55 12.00 18.41 14.31 24.61 10.02 11.20 5.23 28.85 15.94 24.32 13.96 12.31 35.13 40.96 8.98 8.69 17.53 14.58 19.32 8.30 11.53 13.45 9.73 19.14 14.68 0.00 19.32 4.99
69.09 13.67 5.25 10.74 15.86 24.16 8.72 15.02 34.32 15.78 11.98 12.82 12.75 8.56 9.73 33.56 22.95 9.39 11.57 16.09 10.96 12.25 9.96 11.13 21.62 16.64 23.34 13.95 12.81 20.37 18.09 7.84 12.11 8.36 14.80 14.27 19.38 4.64 19.32 0.00 16.71
64.91 6.76 11.64 22.43 14.44 15.96 8.38 8.47 45.28 8.17 7.69 12.15 9.32 8.42 16.11 17.38 26.99 8.43 11.81 10.22 27.12 16.79 23.50 9.32 8.34 33.19 39.51 10.53 4.34 12.78 17.26 18.68 8.48 8.37 8.47 11.48 21.53 12.20 4.99 16.71 0.00
0	0	2100	0	0	0
1	44	124	1	0	6
2	55	135	1	0	4
3	69	149	1	0	27
4	87	167	-1	2	0
5	158	238	1	0	22
6	244	324	-1	1	0
7	262	342	1	0	34
8	328	408	1	0	15
9	393	473	1	0	24
10	429	509	1	0	39
11	440	520	1	0	14
12	468	548	1	0	38
13	497	577	1	0	18
14	516	596	-1	11	0
15	579	659	-1	8	0
16	631	711	1	0	37
17	661	741	1	0	33
18	668	748	-1	13	0
19	682	762	1	0	21
20	724	804	1	0	30
21	767	847	-1	19	0
22	788	868	-1	5	0
23	844	924	1	0	40
24	872	952	-1	9	0
25	927	1007	1	0	36
26	936	1016	1	0	28
27	978	1058	-1	3	0
28	989	1069	-1	26	0
29	1002	1082	1	0	32
30	1046	1126	-1	20	0
31	1058	1138	1	0	35
32	1069	1149	-1	29	0
33	1076	1156	-1	17	0
34	1084	1164	-1	7	0
35	1102	1182	-1	31	0
36	1112	1192	-1	25	0
37	1129	1209	-1	16	0
38	1144	1224	-1	12	0
39	1163	1243	-1	10	0
40	1180	1260	-1	23	0
C:
0 3 3 3 3 3 3 3 3 3 3 3 3 3 3 3 3 3 3 3 3 3 3 3 3 3 3 3 3 3 3 3 3 3 3 3 3 3 3 3 3 3
1 0 1 1 1 1 1 1 1 1 1 1 1 1 1 1 1 1 1 1 1 1 1 1 1 1 1 1 1 1 1 1 1 1 1 1 1 1 1 1 1 1
1 1 0 1 1 1 1 1 1 1 1 1 1 1 1 1 1 1 1 1 1 1 1 1 1 1 1 1 1 1 1 1 1 1 1 1 1 1 1 1 1 1
1 1 1 0 1 1 1 1 1 1 1 1 1 1 1 1 1 1 1 1 1 1 1 1 1 1 1 1 1 1 1 1 1 1 1 1 1 1 1 1 1 1
1 1 1 1 0 1 1 1 1 1 1 1 1 1 1 1 1 1 1 1 1 1 1 1 1 1 1 1 1 1 1 1 1 1 1 1 1 1 1 1 1 1
2 2 2 2 2 0 2 2 2 2 2 2 2 2 2 2 2 2 2 2 2 2 2 2 2 2 2 2 2 2 2 2 2 2 2 2 2 2 2 2 2 2
1 1 1 1 1 1 0 1 1 1 1 1 1 1 1 1 1 1 1 1 1 1 1 1 1 1 1 1 1 1 1 1 1 1 1 1 1 1 1 1 1 1
1 1 1 1 1 1 1 0 1 1 1 1 1 1 1 1 1 1 1 1 1 1 1 1 1 1 1 1 1 1 1 1 1 1 1 1 1 1 1 1 1 1
3 3 3 3 3 3 3 3 0 3 3 3 3 3 3 3 3 3 3 3 3 3 3 3 3 3 3 3 3 3 3 3 3 3 3 3 3 3 3 3 3 3
1 1 1 1 1 1 1 1 1 0 1 1 1 1 1 1 1 1 1 1 1 1 1 1 1 1 1 1 1 1 1 1 1 1 1 1 1 1 1 1 1 1
1 1 1 1 1 1 1 1 1 1 0 1 1 1 1 1 1 1 1 1 1 1 1 1 1 1 1 1 1 1 1 1 1 1 1 1 1 1 1 1 1 1
1 1 1 1 1 1 1 1 1 1 1 0 1 1 1 1 1 1 1 1 1 1 1 1 1 1 1 1 1 1 1 1 1 1 1 1 1 1 1 1 1 1
1 1 1 1 1 1 1 1 1 1 1 1 0 1 1 1 1 1 1 1 1 1 1 1 1 1 1 1 1 1 1 1 1 1 1 1 1 1 1 1 1 1
1 1 1 1 1 1 1 1 1 1 1 1 1 0 1 1 1 1 1 1 1 1 1 1 1 1 1 1 1 1 1 1 1 1 1 1 1 1 1 1 1 1
1 1 1 1 1 1 1 1 1 1 1 1 1 1 0 1 1 1 1 1 1 1 1 1 1 1 1 1 1 1 1 1 1 1 1 1 1 1 1 1 1 1
2 2 2 2 2 2 2 2 2 2 2 2 2 2 2 0 2 2 2 2 2 2 2 2 2 2 2 2 2 2 2 2 2 2 2 2 2 2 2 2 2 2
2 2 2 2 2 2 2 2 2 2 2 2 2 2 2 2 0 2 2 2 2 2 2 2 2 2 2 2 2 2 2 2 2 2 2 2 2 2 2 2 2 2
1 1 1 1 1 1 1 1 1 1 1 1 1 1 1 1 1 0 1 1 1 1 1 1 1 1 1 1 1 1 1 1 1 1 1 1 1 1 1 1 1 1
1 1 1 1 1 1 1 1 1 1 1 1 1 1 1 1 1 1 0 1 1 1 1 1 1 1 1 1 1 1 1 1 1 1 1 1 1 1 1 1 1 1
1 1 1 1 1 1 1 1 1 1 1 1 1 1 1 1 1 1 1 0 1 1 1 1 1 1 1 1 1 1 1 1 1 1 1 1 1 1 1 1 1 1
2 2 2 2 2 2 2 2 2 2 2 2 2 2 2 2 2 2 2 2 0 2 2 2 2 2 2 2 2 2 2 2 2 2 2 2 2 2 2 2 2 2
1 1 1 1 1 1 1 1 1 1 1 1 1 1 1 1 1 1 1 1 1 0 1 1 1 1 1 1 1 1 1 1 1 1 1 1 1 1 1 1 1 1
2 2 2 2 2 2 2 2 2 2 2 2 2 2 2 2 2 2 2 2 2 2 0 2 2 2 2 2 2 2 2 2 2 2 2 2 2 2 2 2 2 2
1 1 1 1 1 1 1 1 1 1 1 1 1 1 1 1 1 1 1 1 1 1 1 0 1 1 1 1 1 1 1 1 1 1 1 1 1 1 1 1 1 1
1 1 1 1 1 1 1 1 1 1 1 1 1 1 1 1 1 1 1 1 1 1 1 1 0 1 1 1 1 1 1 1 1 1 1 1 1 1 1 1 1 1
3 3 3 3 3 3 3 3 3 3 3 3 3 3 3 3 3 3 3 3 3 3 3 3 3 0 3 3 3 3 3 3 3 3 3 3 3 3 3 3 3 3
3 3 3 3 3 3 3 3 3 3 3 3 3 3 3 3 3 3 3 3 3 3 3 3 3 3 0 3 3 3 3 3 3 3 3 3 3 3 3 3 3 3
1 1 1 1 1 1 1 1 1 1 1 1 1 1 1 1 1 1 1 1 1 1 1 1 1 1 1 0 1 1 1 1 1 1 1 1 1 1 1 1 1 1
1 1 1 1 1 1 1 1 1 1 1 1 1 1 1 1 1 1 1 1 1 1 1 1 1 1 1 1 0 1 1 1 1 1 1 1 1 1 1 1 1 1
2 2 2 2 2 2 2 2 2 2 2 2 2 2 2 2 2 2 2 2 2 2 2 2 2 2 2 2 2 0 2 2 2 2 2 2 2 2 2 2 2 2
1 1 1 1 1 1 1 1 1 1 1 1 1 1 1 1 1 1 1 1 1 1 1 1 1 1 1 1 1 1 0 1 1 1 1 1 1 1 1 1 1 1
1 1 1 1 1 1 1 1 1 1 1 1 1 1 1 1 1 1 1 1 1 1 1 1 1 1 1 1 1 1 1 0 1 1 1 1 1 1 1 1 1 1
1 1 1 1 1 1 1 1 1 1 1 1 1 1 1 1 1 1 1 1 1 1 1 1 1 1 1 1 1 1 1 1 0 1 1 1 1 1 1 1 1 1
1 1 1 1 1 1 1 1 1 1 1 1 1 1 1 1 1 1 1 1 1 1 1 1 1 1 1 1 1 1 1 1 1 0 1 1 1 1 1 1 1 1
1 1 1 1 1 1 1 1 1 1 1 1 1 1 1 1 1 1 1 1 1 1 1 1 1 1 1 1 1 1 1 1 1 1 0 1 1 1 1 1 1 1
1 1 1 1 1 1 1 1 1 1 1 1 1 1 1 1 1 1 1 1 1 1 1 1 1 1 1 1 1 1 1 1 1 1 1 0 1 1 1 1 1 1
1 1 1 1 1 1 1 1 1 1 1 1 1 1 1 1 1 1 1 1 1 1 1 1 1 1 1 1 1 1 1 1 1 1 1 1 0 1 1 1 1 1
1 1 1 1 1 1 1 1 1 1 1 1 1 1 1 1 1 1 1 1 1 1 1 1 1 1 1 1 1 1 1 1 1 1 1 1 1 0 1 1 1 1
1 1 1 1 1 1 1 1 1 1 1 1 1 1 1 1 1 1 1 1 1 1 1 1 1 1 1 1 1 1 1 1 1 1 1 1 1 1 0 1 1 1
1 1 1 1 1 1 1 1 1 1 1 1 1 1 1 1 1 1 1 1 1 1 1 1 1 1 1 1 1 1 1 1 1 1 1 1 1 1 1 0 1 1
1 1 1 1 1 1 1 1 1 1 1 1 1 1 1 1 1 1 1 1 1 1 1 1 1 1 1 1 1 1 1 1 1 1 1 1 1 1 1 1 0 1
3 3 3 3 3 3 3 3 3 3 3 3 3 3 3 3 3 3 3 3 3 3 3 3 3 3 3 3 3 3 3 3 3 3 3 3 3 3 3 3 3 0
Time:
0	15
15	30
30	45
45	60
60	75
75	90
90	105
105	120
120	135
135	150
150	165
165	180
180	195
195	210
210	225
225	240
240	255
255	270
270	285
285	300
300	315
315	330
330	345
345	360
360	375
375	390
390	405
405	420
420	435
435	450
450	465
465	480
480	495
495	510
510	525
525	540
540	555
555	570
570	585
585	600
600	615
615	630
630	645
645	660
660	675
675	690
690	705
705	720
720	735
735	750
750	765
765	780
780	795
795	810
810	825
825	840
840	855
855	870
870	885
885	900
900	915
915	930
930	945
945	960
960	975
975	990
990	1005
1005	1020
1020	1035
1035	1050
1050	1065
1065	1080
1080	2100
Speed:
0.925	0.85	0.925	1	0.8325	0.765	0.8325	0.9	0.4625	0.425	0.4625	0.5	0.30525	0.2805	0.30525	0.33	0.37	0.34	0.37	0.4	0.555	0.51	0.555	0.6	0.6475	0.595	0.6475	0.7	0.37	0.34	0.37	0.4	0.30525	0.2805	0.30525	0.33	0.4625	0.425	0.4625	0.5	0.6475	0.595	0.6475	0.7	0.74	0.68	0.74	0.8	0.6475	0.595	0.6475	0.7	0.4625	0.425	0.4625	0.5	0.555	0.51	0.555	0.6	0.6475	0.595	0.6475	0.7	0.8325	0.765	0.8325	0.9	0.925	0.85	0.925	1	1
0.925	0.85	0.925	1	0.8325	0.765	0.8325	0.9	0.4625	0.425	0.4625	0.5	0.30525	0.2805	0.30525	0.33	0.37	0.34	0.37	0.4	0.555	0.51	0.555	0.6	0.6475	0.595	0.6475	0.7	0.37	0.34	0.37	0.4	0.30525	0.2805	0.30525	0.33	0.4625	0.425	0.4625	0.5	0.6475	0.595	0.6475	0.7	0.74	0.68	0.74	0.8	0.6475	0.595	0.6475	0.7	0.4625	0.425	0.4625	0.5	0.555	0.51	0.555	0.6	0.6475	0.595	0.6475	0.7	0.8325	0.765	0.8325	0.9	0.925	0.85	0.925	1	1
0.925	0.85	0.925	1	0.8325	0.765	0.8325	0.9	0.4625	0.425	0.4625	0.5	0.30525	0.2805	0.30525	0.33	0.37	0.34	0.37	0.4	0.555	0.51	0.555	0.6	0.6475	0.595	0.6475	0.7	0.37	0.34	0.37	0.4	0.30525	0.2805	0.30525	0.33	0.4625	0.425	0.4625	0.5	0.6475	0.595	0.6475	0.7	0.74	0.68	0.74	0.8	0.6475	0.595	0.6475	0.7	0.4625	0.425	0.4625	0.5	0.555	0.51	0.555	0.6	0.6475	0.595	0.6475	0.7	0.8325	0.765	0.8325	0.9	0.925	0.85	0.925	1	1
