41
0.00 69.92 69.77 72.37 69.79 67.27 69.32 60.60 58.22 70.81 78.41 72.12 70.99 56.17 79.88 75.12 68.75 66.72 65.24 68.50 80.27 73.78 66.01 86.90 60.91 97.11 73.52 77.07 81.60 61.55 62.08 59.39 58.93 75.84 73.20 72.98 62.05 85.89 75.15 79.98 57.16
69.92 0.00 12.09 13.69 7.41 10.60 11.06 11.02 21.23 8.98 14.11 11.71 13.38 13.80 10.18 15.26 11.97 13.39 8.07 6.22 15.76 9.23 4.27 16.99 9.08 27.44 7.64 14.18 12.00 8.74 17.67 10.89 26.68 17.55 11.13 14.24 8.13 16.43 5.95 19.87 19.13
69.77 12.09 0.00 13.81 7.29 10.66 10.91 10.95 21.21 8.88 14.10 12.24 13.27 13.66 10.35 15.19 11.86 13.44 8.06 6.07 15.77 9.19 10.93 17.13 8.92 27.57 7.80 14.15 12.17 8.62 17.68 10.77 26.69 17.48 11.27 14.37 7.96 16.54 6.14 19.83 19.09
72.37 13.69 13.81 0.00 21.10 5.81 15.01 13.49 15.28 22.63 26.34 11.08 27.05 19.54 14.38 28.56 16.69 5.65 9.55 19.83 27.59 22.36 16.14 21.39 17.83 31.60 7.06 26.92 14.94 14.81 10.85 16.14 18.34 30.87 11.73 11.92 18.02 23.19 11.42 32.57 15.39
69.79 7.41 7.29 21.10 0.00 17.67 6.12 15.72 26.97 10.43 9.27 10.35 5.99 15.68 14.22 8.54 4.57 20.40 14.43 10.96 11.20 11.91 6.65 18.71 10.63 27.77 14.79 8.54 15.97 12.53 24.00 14.15 32.78 10.69 18.49 21.64 9.18 16.67 11.81 13.75 24.39
67.27 10.60 10.66 5.81 17.67 0.00 11.65 7.68 12.11 19.37 24.53 9.28 23.63 13.74 15.44 25.84 13.10 11.46 12.35 16.12 26.07 19.83 11.73 23.06 12.39 33.74 7.37 24.75 16.60 9.19 7.85 10.37 16.75 28.12 5.92 6.52 12.79 24.00 11.12 30.45 11.16
69.32 11.06 10.91 15.01 6.12 11.65 0.00 11.21 21.82 7.76 13.42 4.76 12.12 13.35 11.11 14.21 10.69 14.42 8.77 4.84 15.16 8.34 9.70 17.59 8.41 27.87 9.04 13.35 12.95 8.60 18.44 10.68 27.40 16.48 12.51 15.58 7.32 16.74 7.16 18.99 19.57
60.60 11.02 10.95 13.49 15.72 7.68 11.21 0.00 11.41 17.50 24.40 12.07 21.04 6.11 19.76 24.24 11.79 8.84 4.66 13.90 26.22 19.11 9.10 27.26 6.49 37.96 12.92 24.06 21.34 9.92 9.35 11.41 17.40 26.31 13.19 14.20 7.58 27.23 14.95 29.46 8.68
58.22 21.23 21.21 15.28 26.97 12.11 21.82 11.41 0.00 28.76 35.24 20.94 32.43 14.98 27.55 35.51 22.76 10.11 13.18 25.17 36.96 30.08 20.32 35.17 17.70 45.83 19.47 35.09 28.69 14.73 4.47 13.85 6.05 37.63 17.20 15.73 18.92 36.05 23.14 40.62 9.47
70.81 8.98 8.88 22.63 10.43 19.37 7.76 17.50 28.76 0.00 7.82 11.72 4.43 17.27 14.77 6.75 6.29 22.12 16.20 11.97 9.76 10.39 8.44 18.56 12.28 27.15 16.15 6.92 16.45 14.30 25.78 15.87 34.58 8.90 19.94 23.15 10.82 16.23 12.87 11.99 26.18
78.41 14.11 14.10 26.34 9.27 24.53 13.42 24.40 35.24 7.82 0.00 15.49 7.92 24.94 14.35 4.82 12.61 27.31 22.15 10.98 10.82 5.35 15.39 14.57 19.85 20.89 19.29 10.37 15.42 21.41 31.78 23.21 40.78 6.33 23.32 26.70 18.41 11.25 15.05 6.32 32.94
72.12 11.71 12.24 11.08 10.35 9.28 4.76 12.07 20.94 11.72 15.49 0.00 16.16 16.00 7.78 17.48 6.45 11.99 8.06 9.41 16.91 11.28 7.44 15.20 11.74 25.90 4.44 15.92 9.48 10.57 16.97 12.74 25.97 19.79 8.25 11.55 11.03 15.34 8.82 21.61 19.28
70.99 13.38 13.27 27.05 5.99 23.63 12.12 21.04 32.43 4.43 7.92 16.16 0.00 19.78 18.62 4.18 10.55 26.35 20.28 7.54 9.56 5.95 12.27 21.31 15.19 28.72 20.57 6.30 20.19 17.73 29.72 19.02 38.35 5.59 24.38 27.58 13.79 18.46 17.19 9.48 29.69
56.17 13.80 13.66 19.54 15.68 13.74 13.35 6.11 14.98 17.27 24.94 16.00 19.78 0.00 23.72 23.58 13.12 14.92 10.26 13.97 26.87 19.64 10.20 30.79 5.16 41.21 18.02 24.18 25.46 5.51 14.40 11.79 20.95 25.35 18.98 20.26 6.56 30.09 19.03 29.01 11.79
79.88 10.18 10.35 14.38 14.22 15.44 11.11 19.76 27.55 14.77 14.35 7.78 18.62 23.72 0.00 18.15 12.29 17.70 15.47 14.23 14.97 12.69 14.40 7.66 19.23 18.41 8.12 15.56 11.27 18.34 23.25 20.51 31.92 20.25 11.39 14.48 18.31 8.82 4.81 20.56 26.34
75.12 15.26 15.19 28.56 8.54 25.84 14.21 24.24 35.51 6.75 4.82 17.48 4.18 23.58 18.15 0.00 12.91 28.62 22.86 10.34 5.99 6.21 15.19 19.30 18.78 25.56 21.71 10.47 19.46 21.01 32.49 22.50 41.32 9.76 25.69 29.02 17.34 16.06 17.82 5.44 32.92
68.75 11.97 11.86 16.69 4.57 13.10 10.69 11.79 22.76 6.29 12.61 6.45 10.55 13.12 12.29 12.91 0.00 15.84 9.95 13.02 14.44 7.34 11.22 18.33 8.01 28.36 10.77 12.34 14.13 8.88 19.58 10.81 28.46 15.14 14.22 17.27 6.73 17.16 8.66 17.88 20.35
66.72 13.39 13.44 5.65 20.40 11.46 14.42 8.84 10.11 22.12 27.31 11.99 26.35 14.92 17.70 28.62 15.84 0.00 6.33 18.83 28.83 22.62 14.33 25.23 14.40 35.82 9.59 27.53 18.72 11.05 5.66 11.82 14.24 30.89 7.10 6.26 14.99 26.40 13.62 33.24 9.80
65.24 8.07 8.06 9.55 14.43 12.35 8.77 4.66 13.18 16.20 22.15 8.06 20.28 10.26 15.47 22.86 9.95 6.33 0.00 12.76 23.83 17.11 8.09 23.08 8.37 33.83 8.28 22.12 16.95 5.26 9.66 6.75 18.64 25.08 8.72 10.26 8.76 23.40 10.71 27.75 11.26
68.50 6.22 6.07 19.83 10.96 16.12 4.84 13.90 25.17 11.97 10.98 9.41 7.54 13.97 14.23 10.34 13.02 18.83 12.76 0.00 12.90 5.68 4.86 19.37 8.87 28.81 13.81 10.33 16.05 10.71 22.27 12.34 31.01 12.46 17.35 20.41 7.42 17.62 11.26 15.57 22.58
80.27 15.76 15.77 27.59 11.20 26.07 15.16 26.22 36.96 9.76 10.82 16.91 9.56 26.87 14.97 5.99 14.44 28.83 23.83 12.90 0.00 7.25 17.25 14.17 21.77 19.58 20.52 11.39 15.85 23.27 33.42 25.10 42.44 6.94 24.54 27.92 20.33 10.65 16.20 5.68 34.71
73.78 9.23 9.19 22.36 11.91 19.83 8.34 19.11 30.08 10.39 5.35 11.28 5.95 19.64 12.69 6.21 7.34 22.62 17.11 5.68 7.25 0.00 10.05 15.71 14.53 24.09 15.51 5.01 14.23 16.08 26.78 17.86 35.73 8.52 19.48 22.81 13.09 13.23 11.70 10.65 27.69
66.01 4.27 10.93 16.14 6.65 11.73 9.70 9.10 20.32 8.44 15.39 7.44 12.27 10.20 14.40 15.19 11.22 14.33 8.09 4.86 17.25 10.05 0.00 20.92 5.14 31.13 11.20 14.97 16.24 6.03 17.45 7.89 26.16 17.32 14.07 16.79 10.33 19.96 10.21 20.36 17.76
86.90 16.99 17.13 21.39 18.71 23.06 17.59 27.26 35.17 18.56 14.57 15.20 21.31 30.79 7.66 19.30 18.33 25.23 23.08 19.37 14.17 15.71 20.92 0.00 25.99 10.75 15.70 16.25 6.53 25.58 30.83 27.75 39.37 20.88 18.58 21.36 24.90 14.94 12.37 19.64 34.00
60.91 9.08 8.92 17.83 10.63 12.39 8.41 6.49 17.70 12.28 19.85 11.74 15.19 5.16 19.23 18.78 8.01 14.40 8.37 8.87 21.77 14.53 5.14 25.99 0.00 36.27 14.61 19.17 21.03 10.66 15.82 13.03 23.74 20.68 16.51 18.54 11.72 25.10 14.73 24.17 14.75
97.11 27.44 27.57 31.60 27.77 33.74 27.87 37.96 45.83 27.15 20.89 25.90 28.72 41.21 18.41 25.56 28.36 35.82 33.83 28.81 19.58 24.09 31.13 10.75 36.27 0.00 26.37 22.63 17.14 36.14 41.45 38.31 49.83 26.37 28.97 31.47 35.07 11.22 23.12 23.58 44.74
73.52 7.64 7.80 7.06 14.79 7.37 9.04 12.92 19.47 16.15 19.29 4.44 20.57 18.02 8.12 21.71 10.77 9.59 8.28 13.81 20.52 15.51 11.20 15.70 14.61 26.37 0.00 19.92 9.23 12.55 15.13 14.52 23.81 24.01 12.69 7.41 14.24 16.84 4.38 25.55 18.45
77.07 14.18 14.15 26.92 8.54 24.75 13.35 24.06 35.09 6.92 10.37 15.92 6.30 24.18 15.56 10.47 12.34 27.53 22.12 10.33 11.39 5.01 14.97 16.25 19.17 22.63 19.92 0.00 16.75 20.97 31.78 22.67 40.74 4.77 23.95 27.32 17.71 12.99 15.80 5.71 32.68
81.60 12.00 12.17 14.94 15.97 16.60 12.95 21.34 28.69 16.45 15.42 9.48 20.19 25.46 11.27 19.46 14.13 18.72 16.95 16.05 15.85 14.23 16.24 6.53 21.03 17.14 9.23 16.75 0.00 20.05 24.33 22.21 32.85 21.49 12.08 14.95 20.13 8.41 6.46 21.51 27.64
61.55 8.74 8.62 14.81 12.53 9.19 8.60 9.92 14.73 14.30 21.41 10.57 17.73 5.51 18.34 21.01 8.88 11.05 5.26 10.71 23.27 16.08 6.03 25.58 10.66 36.14 12.55 20.97 20.05 0.00 12.53 9.54 20.72 23.05 13.82 15.53 4.30 25.16 13.60 26.28 11.96
62.08 17.67 17.68 10.85 24.00 7.85 18.44 9.35 4.47 25.78 31.78 16.97 29.72 14.40 23.25 32.49 19.58 5.66 9.66 22.27 33.42 26.78 17.45 30.83 15.82 41.45 15.13 31.78 24.33 12.53 0.00 12.29 9.04 34.68 12.73 11.33 16.83 31.85 18.97 37.41 5.00
59.39 10.89 10.77 16.14 14.15 10.37 10.68 11.41 13.85 15.87 23.21 12.74 19.02 11.79 20.51 22.50 10.81 11.82 6.75 12.34 25.10 17.86 7.89 27.75 13.03 38.31 14.52 22.67 22.21 9.54 12.29 0.00 19.90 24.45 15.46 16.86 5.23 27.31 15.76 27.84 10.86
58.93 26.68 26.69 18.34 32.78 16.75 27.40 17.40 6.05 34.58 40.78 25.97 38.35 20.95 31.92 41.32 28.46 14.24 18.64 31.01 42.44 35.73 26.16 39.37 23.74 49.83 23.81 40.74 32.85 20.72 9.04 19.90 0.00 43.47 20.86 18.59 24.95 40.64 27.84 46.34 9.17
75.84 17.55 17.48 30.87 10.69 28.12 16.48 26.31 37.63 8.90 6.33 19.79 5.59 25.35 20.25 9.76 15.14 30.89 25.08 12.46 6.94 8.52 17.32 20.88 20.68 26.37 24.01 4.77 21.49 23.05 34.68 24.45 43.47 0.00 27.99 31.32 19.26 17.49 20.09 10.48 34.99
73.20 11.13 11.27 11.73 18.49 5.92 12.51 13.19 17.20 19.94 23.32 8.25 24.38 18.98 11.39 25.69 14.22 7.10 8.72 17.35 24.54 19.48 14.07 18.58 16.51 28.97 12.69 23.95 12.08 13.82 12.73 15.46 20.86 27.99 0.00 12.45 16.46 20.21 8.35 29.58 16.79
72.98 14.24 14.37 11.92 21.64 6.52 15.58 14.20 15.73 23.15 26.70 11.55 27.58 20.26 14.48 29.02 17.27 6.26 10.26 20.41 27.92 22.81 16.79 21.36 18.54 31.47 7.41 27.32 14.95 15.53 11.33 16.86 18.59 31.32 12.45 0.00 18.71 23.25 11.72 32.96 15.94
62.05 8.13 7.96 18.02 9.18 12.79 7.32 7.58 18.92 10.82 18.41 11.03 13.79 6.56 18.31 17.34 6.73 14.99 8.76 7.42 20.33 13.09 10.33 24.90 11.72 35.07 14.24 17.71 20.13 4.30 16.83 5.23 24.95 19.26 16.46 18.71 0.00 23.88 13.95 22.73 16.03
85.89 16.43 16.54 23.19 16.67 24.00 16.74 27.23 36.05 16.23 11.25 15.34 18.46 30.09 8.82 16.06 17.16 26.40 23.40 17.62 10.65 13.23 19.96 14.94 25.10 11.22 16.84 12.99 8.41 25.16 31.85 27.31 40.64 17.49 20.21 23.25 23.88 0.00 12.91 16.02 34.58
75.15 5.95 6.14 11.42 11.81 11.12 7.16 14.95 23.14 12.87 15.05 8.82 17.19 19.03 4.81 17.82 8.66 13.62 10.71 11.26 16.20 11.70 10.21 12.37 14.73 23.12 4.38 15.80 6.46 13.60 18.97 15.76 27.84 20.09 8.35 11.72 13.95 12.91 0.00 21.35 21.74
79.98 19.87 19.83 32.57 13.75 30.45 18.99 29.46 40.62 11.99 6.32 21.61 9.48 29.01 20.56 5.44 17.88 33.24 27.75 15.57 5.68 10.65 20.36 19.64 24.17 23.58 25.55 5.71 21.51 26.28 37.41 27.84 46.34 10.48 29.58 32.96 22.73 16.02 21.35 0.00 38.12
57.16 19.13 19.09 15.39 24.39 11.16 19.57 8.68 9.47 26.18 32.94 19.28 29.69 11.79 26.34 32.92 20.35 9.80 11.26 22.58 34.71 27.69 17.76 34.00 14.75 44.74 18.45 32.68 27.64 11.96 5.00 10.86 9.17 34.99 16.79 15.94 16.03 34.58 21.74 38.12 0.00
0	0	2100	0	0	0
1	43	123	1	0	4
2	58	138	1	0	23
3	74	154	1	0	5
4	114	194	-1	1	0
5	157	237	-1	3	0
6	196	276	1	0	19
7	227	307	1	0	31
8	258	338	1	0	12
9	328	408	1	0	22
10	340	420	1	0	26
11	365	445	1	0	21
12	395	475	-1	8	0
13	450	530	1	0	37
14	519	599	1	0	17
15	558	638	1	0	35
16	579	659	1	0	34
17	604	684	-1	14	0
18	613	693	1	0	25
19	631	711	-1	6	0
20	649	729	1	0	27
21	659	739	-1	11	0
22	672	752	-1	9	0
23	703	783	-1	2	0
24	769	849	1	0	30
25	840	920	-1	18	0
26	885	965	-1	10	0
27	916	996	-1	20	0
28	937	1017	1	0	33
29	962	1042	1	0	36
30	976	1056	-1	24	0
31	995	1075	-1	7	0
32	1018	1098	1	0	40
33	1064	1144	-1	28	0
34	1104	1184	-1	16	0
35	1117	1197	-1	15	0
36	1135	1215	-1	29	0
37	1159	1239	-1	13	0
38	1178	1258	1	0	39
39	1199	1279	-1	38	0
40	1254	1334	-1	32	0
C:
0 3 3 3 3 3 3 3 3 3 3 3 3 3 3 3 3 3 3 3 3 3 3 3 3 3 3 3 3 3 3 3 3 3 3 3 3 3 3 3 3 3
1 0 1 1 1 1 1 1 1 1 1 1 1 1 1 1 1 1 1 1 1 1 1 1 1 1 1 1 1 1 1 1 1 1 1 1 1 1 1 1 1 1
1 1 0 1 1 1 1 1 1 1 1 1 1 1 1 1 1 1 1 1 1 1 1 1 1 1 1 1 1 1 1 1 1 1 1 1 1 1 1 1 1 1
1 1 1 0 1 1 1 1 1 1 1 1 1 1 1 1 1 1 1 1 1 1 1 1 1 1 1 1 1 1 1 1 1 1 1 1 1 1 1 1 1 1
1 1 1 1 0 1 1 1 1 1 1 1 1 1 1 1 1 1 1 1 1 1 1 1 1 1 1 1 1 1 1 1 1 1 1 1 1 1 1 1 1 1
1 1 1 1 1 0 1 1 1 1 1 1 1 1 1 1 1 1 1 1 1 1 1 1 1 1 1 1 1 1 1 1 1 1 1 1 1 1 1 1 1 1
1 1 1 1 1 1 0 1 1 1 1 1 1 1 1 1 1 1 1 1 1 1 1 1 1 1 1 1 1 1 1 1 1 1 1 1 1 1 1 1 1 1
1 1 1 1 1 1 1 0 1 1 1 1 1 1 1 1 1 1 1 1 1 1 1 1 1 1 1 1 1 1 1 1 1 1 1 1 1 1 1 1 1 1
2 2 2 2 2 2 2 2 0 2 2 2 2 2 2 2 2 2 2 2 2 2 2 2 2 2 2 2 2 2 2 2 2 2 2 2 2 2 2 2 2 2
1 1 1 1 1 1 1 1 1 0 1 1 1 1 1 1 1 1 1 1 1 1 1 1 1 1 1 1 1 1 1 1 1 1 1 1 1 1 1 1 1 1
1 1 1 1 1 1 1 1 1 1 0 1 1 1 1 1 1 1 1 1 1 1 1 1 1 1 1 1 1 1 1 1 1 1 1 1 1 1 1 1 1 1
1 1 1 1 1 1 1 1 1 1 1 0 1 1 1 1 1 1 1 1 1 1 1 1 1 1 1 1 1 1 1 1 1 1 1 1 1 1 1 1 1 1
1 1 1 1 1 1 1 1 1 1 1 1 0 1 1 1 1 1 1 1 1 1 1 1 1 1 1 1 1 1 1 1 1 1 1 1 1 1 1 1 1 1
1 1 1 1 1 1 1 1 1 1 1 1 1 0 1 1 1 1 1 1 1 1 1 1 1 1 1 1 1 1 1 1 1 1 1 1 1 1 1 1 1 1
1 1 1 1 1 1 1 1 1 1 1 1 1 1 0 1 1 1 1 1 1 1 1 1 1 1 1 1 1 1 1 1 1 1 1 1 1 1 1 1 1 1
2 2 2 2 2 2 2 2 2 2 2 2 2 2 2 0 2 2 2 2 2 2 2 2 2 2 2 2 2 2 2 2 2 2 2 2 2 2 2 2 2 2
1 1 1 1 1 1 1 1 1 1 1 1 1 1 1 1 0 1 1 1 1 1 1 1 1 1 1 1 1 1 1 1 1 1 1 1 1 1 1 1 1 1
1 1 1 1 1 1 1 1 1 1 1 1 1 1 1 1 1 0 1 1 1 1 1 1 1 1 1 1 1 1 1 1 1 1 1 1 1 1 1 1 1 1
1 1 1 1 1 1 1 1 1 1 1 1 1 1 1 1 1 1 0 1 1 1 1 1 1 1 1 1 1 1 1 1 1 1 1 1 1 1 1 1 1 1
1 1 1 1 1 1 1 1 1 1 1 1 1 1 1 1 1 1 1 0 1 1 1 1 1 1 1 1 1 1 1 1 1 1 1 1 1 1 1 1 1 1
2 2 2 2 2 2 2 2 2 2 2 2 2 2 2 2 2 2 2 2 0 2 2 2 2 2 2 2 2 2 2 2 2 2 2 2 2 2 2 2 2 2
1 1 1 1 1 1 1 1 1 1 1 1 1 1 1 1 1 1 1 1 1 0 1 1 1 1 1 1 1 1 1 1 1 1 1 1 1 1 1 1 1 1
1 1 1 1 1 1 1 1 1 1 1 1 1 1 1 1 1 1 1 1 1 1 0 1 1 1 1 1 1 1 1 1 1 1 1 1 1 1 1 1 1 1
2 2 2 2 2 2 2 2 2 2 2 2 2 2 2 2 2 2 2 2 2 2 2 0 2 2 2 2 2 2 2 2 2 2 2 2 2 2 2 2 2 2
1 1 1 1 1 1 1 1 1 1 1 1 1 1 1 1 1 1 1 1 1 1 1 1 0 1 1 1 1 1 1 1 1 1 1 1 1 1 1 1 1 1
3 3 3 3 3 3 3 3 3 3 3 3 3 3 3 3 3 3 3 3 3 3 3 3 3 0 3 3 3 3 3 3 3 3 3 3 3 3 3 3 3 3
1 1 1 1 1 1 1 1 1 1 1 1 1 1 1 1 1 1 1 1 1 1 1 1 1 1 0 1 1 1 1 1 1 1 1 1 1 1 1 1 1 1
1 1 1 1 1 1 1 1 1 1 1 1 1 1 1 1 1 1 1 1 1 1 1 1 1 1 1 0 1 1 1 1 1 1 1 1 1 1 1 1 1 1
1 1 1 1 1 1 1 1 1 1 1 1 1 1 1 1 1 1 1 1 1 1 1 1 1 1 1 1 0 1 1 1 1 1 1 1 1 1 1 1 1 1
1 1 1 1 1 1 1 1 1 1 1 1 1 1 1 1 1 1 1 1 1 1 1 1 1 1 1 1 1 0 1 1 1 1 1 1 1 1 1 1 1 1
2 2 2 2 2 2 2 2 2 2 2 2 2 2 2 2 2 2 2 2 2 2 2 2 2 2 2 2 2 2 0 2 2 2 2 2 2 2 2 2 2 2
1 1 1 1 1 1 1 1 1 1 1 1 1 1 1 1 1 1 1 1 1 1 1 1 1 1 1 1 1 1 1 0 1 1 1 1 1 1 1 1 1 1
3 3 3 3 3 3 3 3 3 3 3 3 3 3 3 3 3 3 3 3 3 3 3 3 3 3 3 3 3 3 3 3 0 3 3 3 3 3 3 3 3 3
2 2 2 2 2 2 2 2 2 2 2 2 2 2 2 2 2 2 2 2 2 2 2 2 2 2 2 2 2 2 2 2 2 0 2 2 2 2 2 2 2 2
1 1 1 1 1 1 1 1 1 1 1 1 1 1 1 1 1 1 1 1 1 1 1 1 1 1 1 1 1 1 1 1 1 1 0 1 1 1 1 1 1 1
1 1 1 1 1 1 1 1 1 1 1 1 1 1 1 1 1 1 1 1 1 1 1 1 1 1 1 1 1 1 1 1 1 1 1 0 1 1 1 1 1 1
1 1 1 1 1 1 1 1 1 1 1 1 1 1 1 1 1 1 1 1 1 1 1 1 1 1 1 1 1 1 1 1 1 1 1 1 0 1 1 1 1 1
2 2 2 2 2 2 2 2 2 2 2 2 2 2 2 2 2 2 2 2 2 2 2 2 2 2 2 2 2 2 2 2 2 2 2 2 2 0 2 2 2 2
1 1 1 1 1 1 1 1 1 1 1 1 1 1 1 1 1 1 1 1 1 1 1 1 1 1 1 1 1 1 1 1 1 1 1 1 1 1 0 1 1 1
2 2 2 2 2 2 2 2 2 2 2 2 2 2 2 2 2 2 2 2 2 2 2 2 2 2 2 2 2 2 2 2 2 2 2 2 2 2 2 0 2 2
2 2 2 2 2 2 2 2 2 2 2 2 2 2 2 2 2 2 2 2 2 2 2 2 2 2 2 2 2 2 2 2 2 2 2 2 2 2 2 2 0 2
3 3 3 3 3 3 3 3 3 3 3 3 3 3 3 3 3 3 3 3 3 3 3 3 3 3 3 3 3 3 3 3 3 3 3 3 3 3 3 3 3 0
Time:
0	15
15	30
30	45
45	60
60	75
75	90
90	105
105	120
120	135
135	150
150	165
165	180
180	195
195	210
210	225
225	240
240	255
255	270
270	285
285	300
300	315
315	330
330	345
345	360
360	375
375	390
390	405
405	420
420	435
435	450
450	465
465	480
480	495
495	510
510	525
525	540
540	555
555	570
570	585
585	600
600	615
615	630
630	645
645	660
660	675
675	690
690	705
705	720
720	735
735	750
750	765
765	780
780	795
795	810
810	825
825	840
840	855
855	870
870	885
885	900
900	915
915	930
930	945
945	960
960	975
975	990
990	1005
1005	1020
1020	1035
1035	1050
1050	1065
1065	1080
1080	2100
Speed:
0.925	0.85	0.925	1	0.8325	0.765	0.8325	0.9	0.4625	0.425	0.4625	0.5	0.30525	0.2805	0.30525	0.33	0.37	0.34	0.37	0.4	0.555	0.51	0.555	0.6	0.6475	0.595	0.6475	0.7	0.37	0.34	0.37	0.4	0.30525	0.2805	0.30525	0.33	0.4625	0.425	0.4625	0.5	0.6475	0.595	0.6475	0.7	0.74	0.68	0.74	0.8	0.6475	0.595	0.6475	0.7	0.4625	0.425	0.4625	0.5	0.555	0.51	0.555	0.6	0.6475	0.595	0.6475	0.7	0.8325	0.765	0.8325	0.9	0.925	0.85	0.925	1	1
0.925	0.85	0.925	1	0.8325	0.765	0.8325	0.9	0.4625	0.425	0.4625	0.5	0.30525	0.2805	0.30525	0.33	0.37	0.34	0.37	0.4	0.555	0.51	0.555	0.6	0.6475	0.595	0.6475	0.7	0.37	0.34	0.37	0.4	0.30525	0.2805	0.30525	0.33	0.4625	0.425	0.4625	0.5	0.6475	0.595	0.6475	0.7	0.74	0.68	0.74	0.8	0.6475	0.595	0.6475	0.7	0.4625	0.425	0.4625	0.5	0.555	0.51	0.555	0.6	0.6475	0.595	0.6475	0.7	0.8325	0.765	0.8325	0.9	0.925	0.85	0.925	1	1
0.925	0.85	0.925	1	0.8325	0.765	0.8325	0.9	0.4625	0.425	0.4625	0.5	0.30525	0.2805	0.30525	0.33	0.37	0.34	0.37	0.4	0.555	0.51	0.555	0.6	0.6475	0.595	0.6475	0.7	0.37	0.34	0.37	0.4	0.30525	0.2805	0.30525	0.33	0.4625	0.425	0.4625	0.5	0.6475	0.595	0.6475	0.7	0.74	0.68	0.74	0.8	0.6475	0.595	0.6475	0.7	0.4625	0.425	0.4625	0.5	0.555	0.51	0.555	0.6	0.6475	0.595	0.6475	0.7	0.8325	0.765	0.8325	0.9	0.925	0.85	0.925	1	1
