41
0.00 71.01 70.52 83.98 73.66 93.10 87.62 70.47 95.08 72.97 69.82 74.37 74.19 55.79 71.40 50.56 83.09 101.65 81.37 49.85 83.62 49.67 67.81 66.18 49.80 69.71 85.68 89.94 48.44 93.84 57.30 72.32 74.90 79.99 73.77 48.23 58.59 49.90 68.10 80.26 74.51
71.01 0.00 19.40 15.83 12.17 25.55 19.73 11.96 39.79 15.78 14.95 7.77 14.99 16.01 7.54 20.72 23.03 34.11 10.37 21.16 12.68 22.44 10.69 16.16 26.32 9.99 25.07 19.04 22.93 23.70 14.66 20.81 8.23 23.37 12.66 27.30 22.90 21.41 13.95 28.77 10.90
70.52 19.40 0.00 18.10 22.67 24.49 20.32 16.19 26.25 35.09 4.47 27.02 19.41 26.56 12.02 23.85 12.65 32.22 23.30 25.99 23.71 31.09 9.24 34.11 37.71 28.96 15.20 27.81 25.11 28.30 18.05 10.60 27.40 9.51 22.21 37.94 38.32 28.60 5.95 11.77 30.28
83.98 15.83 18.10 0.00 15.98 9.80 15.66 14.62 26.53 28.37 15.90 19.42 12.92 31.23 12.62 33.66 11.58 18.49 9.90 34.85 8.44 37.49 16.32 31.05 42.03 24.34 12.30 10.05 35.66 10.48 26.80 17.83 19.42 14.45 15.50 42.92 38.57 35.97 16.97 20.42 22.56
73.66 12.17 22.67 15.98 0.00 25.29 19.67 6.75 41.34 13.21 18.27 4.40 11.20 18.07 10.64 23.81 24.76 33.55 8.30 23.98 10.84 24.47 14.30 15.08 27.48 8.38 26.55 17.05 26.03 22.34 18.10 23.91 4.74 25.63 9.29 28.61 22.83 23.81 17.47 31.29 7.77
93.10 25.55 24.49 9.80 25.29 0.00 5.86 24.42 21.70 36.79 23.69 28.21 22.52 41.02 22.12 43.11 13.21 8.74 17.92 44.43 15.64 47.27 25.30 40.24 51.81 33.50 11.85 12.61 45.05 7.53 36.24 23.47 28.11 17.21 24.85 52.71 48.09 45.69 25.20 21.86 31.07
87.62 19.73 20.32 15.66 19.67 5.86 0.00 18.56 24.21 31.67 18.79 22.87 16.75 35.16 16.39 37.43 11.26 14.57 12.85 38.68 10.87 41.42 19.83 34.72 45.96 27.98 11.10 10.09 39.40 8.12 30.56 19.69 22.82 14.83 19.21 46.86 42.39 39.87 20.09 20.43 25.89
70.47 11.96 16.19 14.62 6.75 24.42 18.56 0.00 37.25 18.95 11.74 10.93 4.46 16.61 4.42 19.93 20.48 33.11 11.37 20.73 13.32 22.90 7.56 18.89 27.52 13.02 22.66 19.54 22.08 23.53 13.38 17.62 11.36 20.50 6.37 28.35 25.01 21.50 10.77 25.75 14.11
95.08 39.79 26.25 26.53 41.34 21.70 24.21 37.25 0.00 54.40 29.04 45.34 37.80 51.78 33.14 50.07 16.77 21.75 36.42 52.16 34.84 56.94 33.40 55.95 63.15 49.55 14.79 33.83 51.35 29.22 44.00 24.15 45.45 17.46 40.82 63.58 62.15 54.60 31.06 14.99 48.66
72.97 15.78 35.09 28.37 13.21 36.79 31.67 18.95 54.40 0.00 30.62 9.06 16.84 19.32 23.32 27.89 37.93 44.30 18.89 26.84 21.17 24.08 26.06 6.81 23.33 6.39 39.63 25.92 29.88 32.09 24.85 36.57 8.97 38.82 13.74 24.86 15.33 24.94 29.42 44.42 5.80
69.82 14.95 4.47 15.90 18.27 23.69 18.79 11.74 29.04 30.62 0.00 22.60 15.11 22.91 7.66 21.37 13.69 31.97 19.57 23.29 20.30 27.90 4.89 29.72 34.22 24.50 16.32 25.01 22.91 26.37 15.00 6.13 23.00 11.62 17.83 34.58 34.25 25.58 10.42 15.37 25.83
74.37 7.77 27.02 19.42 4.40 28.21 22.87 10.93 45.34 9.06 22.60 0.00 7.96 18.61 15.00 25.59 28.90 36.11 10.37 25.34 12.85 24.74 18.46 12.21 26.58 5.66 30.57 18.44 27.79 24.29 20.64 28.29 9.14 29.94 4.89 27.87 20.69 24.57 21.70 35.65 10.46
74.19 14.99 19.41 12.92 11.20 22.52 16.75 4.46 37.80 16.84 15.11 7.96 0.00 19.28 7.46 23.80 21.17 31.00 7.22 24.34 9.44 25.72 11.58 18.35 29.50 11.78 23.00 15.79 25.99 20.43 17.51 20.53 8.24 22.01 10.83 30.50 25.66 24.68 14.53 27.70 11.36
55.79 16.01 26.56 31.23 18.07 41.02 35.16 16.61 51.78 19.32 22.91 18.61 19.28 0.00 19.48 8.90 35.51 49.72 26.16 7.54 28.59 6.44 18.38 13.66 11.38 14.44 37.98 34.93 10.69 39.71 9.20 28.62 19.15 34.33 18.25 11.95 12.87 5.98 20.94 38.20 19.15
71.40 7.54 12.02 12.62 10.64 22.12 16.39 4.42 33.14 23.32 7.66 15.00 7.46 19.48 0.00 21.05 16.44 30.85 12.73 22.31 14.02 25.45 4.60 23.26 30.73 17.44 18.76 19.66 23.05 22.57 14.18 13.31 15.38 16.17 10.18 31.41 29.01 23.68 7.14 21.33 18.30
50.56 20.72 23.85 33.66 23.81 43.11 37.43 19.93 50.07 27.89 21.37 25.59 23.80 8.90 21.05 0.00 35.01 51.81 31.01 14.98 33.16 8.72 18.06 22.53 15.98 22.44 37.62 39.44 12.49 43.31 6.88 25.96 26.16 32.88 23.82 15.62 20.87 5.90 19.38 35.51 26.86
83.09 23.03 12.65 11.58 24.76 13.21 11.26 20.48 16.77 37.93 13.69 28.90 21.17 35.51 16.44 35.01 0.00 19.93 20.90 36.84 19.89 41.05 17.32 39.19 46.89 32.85 19.18 21.11 36.59 19.05 28.46 11.11 29.06 15.23 24.23 47.43 45.43 38.91 15.64 9.17 32.27
101.65 34.11 32.22 18.49 33.55 8.74 14.57 33.11 21.75 44.30 31.97 36.11 31.00 49.72 30.85 51.81 19.93 0.00 25.74 53.16 23.27 55.98 33.92 48.28 60.42 41.57 17.81 18.67 53.73 12.42 44.94 30.92 35.94 23.84 33.14 61.35 56.38 54.42 33.59 27.19 38.72
81.37 10.37 23.30 9.90 8.30 17.92 12.85 11.37 36.42 18.89 19.57 10.37 7.22 26.16 12.73 31.01 20.90 25.74 0.00 31.53 15.14 32.60 17.32 22.55 35.78 15.87 22.02 8.78 33.21 14.11 24.68 23.86 10.22 22.97 8.01 36.91 30.81 31.73 19.63 29.02 13.14
49.85 21.16 25.99 34.85 23.98 44.43 38.68 20.73 52.16 26.84 23.29 25.34 24.34 7.54 22.31 14.98 36.84 53.16 31.53 0.00 33.77 6.26 19.69 21.13 13.50 21.73 39.44 40.11 15.51 44.25 8.40 28.11 25.91 34.87 24.04 13.12 18.75 13.51 21.27 37.70 26.31
83.62 12.68 23.71 8.44 10.84 15.64 10.87 13.32 34.84 21.17 20.30 12.85 9.44 28.59 14.02 33.16 19.89 23.27 15.14 33.77 0.00 35.03 18.60 25.05 38.31 18.39 20.75 6.36 35.34 11.56 26.70 24.06 12.67 22.34 10.53 39.43 33.35 34.09 20.60 28.40 15.49
49.67 22.44 31.09 37.49 24.47 47.27 41.42 22.90 56.94 24.08 27.90 24.74 25.72 6.44 25.45 8.72 41.05 55.98 32.60 6.26 35.03 0.00 23.73 17.63 7.26 20.09 43.58 41.37 9.26 46.13 13.04 33.20 25.26 39.50 24.67 7.03 13.27 12.42 25.88 42.86 24.89
67.81 10.69 9.24 16.32 14.30 25.30 19.83 7.56 33.40 26.06 4.89 18.46 11.58 18.38 4.60 18.06 17.32 33.92 17.32 19.69 18.60 23.73 0.00 24.87 29.75 19.83 19.87 24.11 19.87 26.61 11.28 11.01 18.91 15.95 13.91 30.21 29.40 21.60 11.73 20.18 21.55
66.18 16.16 34.11 31.05 15.08 40.24 34.72 18.89 55.95 6.81 29.72 12.21 18.35 13.66 23.26 22.53 39.19 48.28 22.55 21.13 25.05 17.63 24.87 0.00 16.51 6.74 41.20 30.57 24.34 36.49 20.81 35.85 12.44 39.39 15.56 18.04 8.87 18.82 28.19 44.54 10.18
49.80 26.32 37.71 42.03 27.48 51.81 45.96 27.52 63.15 23.33 34.22 26.58 29.50 11.38 30.73 15.98 46.89 60.42 35.78 13.50 38.31 7.26 29.75 16.51 0.00 21.17 49.34 44.49 16.35 49.77 19.79 39.80 27.01 45.69 27.79 14.28 9.00 10.08 32.23 49.43 25.78
69.71 9.99 28.96 24.34 8.38 33.50 27.98 13.02 49.55 6.39 24.50 5.66 11.78 14.44 17.44 22.44 32.85 41.57 15.87 21.73 18.39 20.09 19.83 6.74 21.17 0.00 34.77 24.09 24.54 29.90 18.73 30.53 6.00 33.35 8.88 22.53 15.04 20.37 23.20 38.75 4.80
85.68 25.07 15.20 12.30 26.55 11.85 11.10 22.66 14.79 39.63 16.32 30.57 23.00 37.98 18.76 37.62 19.18 17.81 22.02 39.44 20.75 43.58 19.87 41.20 49.34 34.77 0.00 21.18 39.22 18.36 31.05 13.57 30.70 6.08 26.03 49.92 47.66 41.47 18.27 10.01 33.91
89.94 19.04 27.81 10.05 17.05 12.61 10.09 19.54 33.83 25.92 25.01 18.44 15.79 34.93 19.66 39.44 21.11 18.67 8.78 40.11 6.36 41.37 24.11 30.57 44.49 24.09 21.18 0.00 41.61 6.26 32.90 27.74 18.15 24.35 16.78 45.64 39.13 40.45 25.66 30.21 20.58
48.44 22.93 25.11 35.66 26.03 45.05 39.40 22.08 51.35 29.88 22.91 27.79 25.99 10.69 23.05 12.49 36.59 53.73 33.21 15.51 35.34 9.26 19.87 24.34 16.35 24.54 39.22 41.61 0.00 45.41 8.88 27.20 28.36 34.31 26.04 15.78 22.05 6.59 20.95 36.65 29.01
93.84 23.70 28.30 10.48 22.34 7.53 8.12 23.53 29.22 32.09 26.37 24.29 20.43 39.71 22.57 43.31 19.05 12.42 14.11 44.25 11.56 46.13 26.61 36.49 49.77 29.90 18.36 6.26 45.41 0.00 36.55 27.76 24.05 22.81 22.00 50.85 44.89 44.95 27.44 28.16 26.65
57.30 14.66 18.05 26.80 18.10 36.24 30.56 13.38 44.00 24.85 15.00 20.64 17.51 9.20 14.18 6.88 28.46 44.94 24.68 8.40 26.70 13.04 11.28 20.81 19.79 18.73 31.05 32.90 8.88 36.55 0.00 20.16 21.21 26.61 18.02 19.93 21.97 10.60 12.97 29.82 22.55
72.32 20.81 10.60 17.83 23.91 23.47 19.69 17.62 24.15 36.57 6.13 28.29 20.53 28.62 13.31 25.96 11.11 30.92 23.86 28.11 24.06 33.20 11.01 35.85 39.80 30.53 13.57 27.74 27.20 27.76 20.16 0.00 28.65 7.68 23.43 40.05 40.28 30.72 7.84 9.65 31.60
74.90 8.23 27.40 19.42 4.74 28.11 22.82 11.36 45.45 8.97 23.00 9.14 8.24 19.15 15.38 26.16 29.06 35.94 10.22 25.91 12.67 25.26 18.91 12.44 27.01 6.00 30.70 18.15 28.36 24.05 21.21 28.65 0.00 30.17 5.22 28.32 21.00 25.12 22.13 35.92 10.80
79.99 23.37 9.51 14.45 25.63 17.21 14.83 20.50 17.46 38.82 11.62 29.94 22.01 34.33 16.17 32.88 15.23 23.84 22.97 34.87 22.34 39.50 15.95 39.39 45.69 33.35 6.08 24.35 34.31 22.81 26.61 7.68 30.17 0.00 25.11 46.12 45.00 37.20 13.64 6.06 33.34
73.77 12.66 22.21 15.50 9.29 24.85 19.21 6.37 40.82 13.74 17.83 4.89 10.83 18.25 10.18 23.82 24.23 33.14 8.01 24.04 10.53 24.67 13.91 15.56 27.79 8.88 26.03 16.78 26.04 22.00 18.02 23.43 5.22 25.11 0.00 28.90 23.25 23.94 17.05 30.78 8.28
48.23 27.30 37.94 42.92 28.61 52.71 46.86 28.35 63.58 24.86 34.58 27.87 30.50 11.95 31.41 15.62 47.43 61.35 36.91 13.12 39.43 7.03 30.21 18.04 14.28 22.53 49.92 45.64 15.78 50.85 19.93 40.05 28.32 46.12 28.90 0.00 10.60 9.80 32.58 49.70 27.18
58.59 22.90 38.32 38.57 22.83 48.09 42.39 25.01 62.15 15.33 34.25 20.69 25.66 12.87 29.01 20.87 45.43 56.38 30.81 18.75 33.35 13.27 29.40 8.87 9.00 15.04 47.66 39.13 22.05 44.89 21.97 40.28 21.00 45.00 23.25 10.60 0.00 15.54 32.44 49.57 19.01
49.90 21.41 28.60 35.97 23.81 45.69 39.87 21.50 54.60 24.94 25.58 24.57 24.68 5.98 23.68 5.90 38.91 54.42 31.73 13.51 34.09 12.42 21.60 18.82 10.08 20.37 41.47 40.45 6.59 44.95 10.60 30.72 25.12 37.20 23.94 9.80 15.54 0.00 23.55 40.37 25.10
68.10 13.95 5.95 16.97 17.47 25.20 20.09 10.77 31.06 29.42 10.42 21.70 14.53 20.94 7.14 19.38 15.64 33.59 19.63 21.27 20.60 25.88 11.73 28.19 32.23 23.20 18.27 25.66 20.95 27.44 12.97 7.84 22.13 13.64 17.05 32.58 32.44 23.55 0.00 17.28 24.85
80.26 28.77 11.77 20.42 31.29 21.86 20.43 25.75 14.99 44.42 15.37 35.65 27.70 38.20 21.33 35.51 9.17 27.19 29.02 37.70 28.40 42.86 20.18 44.54 49.43 38.75 10.01 30.21 36.65 28.16 29.82 9.65 35.92 6.06 30.78 49.70 49.57 40.37 17.28 0.00 39.06
74.51 10.90 30.28 22.56 7.77 31.07 25.89 14.11 48.66 5.80 25.83 10.46 11.36 19.15 18.30 26.86 32.27 38.72 13.14 26.31 15.49 24.89 21.55 10.18 25.78 4.80 33.91 20.58 29.01 26.65 22.55 31.60 10.80 33.34 8.28 27.18 19.01 25.10 24.85 39.06 0.00
0	0	2100	0	0	0
1	44	124	1	0	37
2	68	148	1	0	22
3	113	193	1	0	36
4	150	230	1	0	20
5	228	308	1	0	19
6	250	330	1	0	30
7	302	382	1	0	28
8	362	442	1	0	33
9	504	584	1	0	40
10	567	647	1	0	24
11	603	683	1	0	35
12	615	695	1	0	25
13	642	722	1	0	14
14	668	748	-1	13	0
15	698	778	1	0	39
16	790	870	1	0	38
17	844	924	1	0	23
18	888	968	1	0	26
19	932	1012	-1	5	0
20	989	1069	-1	4	0
21	1028	1108	1	0	31
22	1062	1142	-1	2	0
23	1087	1167	-1	17	0
24	1110	1190	-1	10	0
25	1133	1213	-1	12	0
26	1168	1248	-1	18	0
27	1198	1278	1	0	34
28	1257	1337	-1	7	0
29	1322	1402	1	0	32
30	1374	1454	-1	6	0
31	1394	1474	-1	21	0
32	1435	1515	-1	29	0
33	1466	1546	-1	8	0
34	1501	1581	-1	27	0
35	1530	1610	-1	11	0
36	1541	1621	-1	3	0
37	1564	1644	-1	1	0
38	1597	1677	-1	16	0
39	1615	1695	-1	15	0
40	1656	1736	-1	9	0
C:
0 3 3 3 3 3 3 3 3 3 3 3 3 3 3 3 3 3 3 3 3 3 3 3 3 3 3 3 3 3 3 3 3 3 3 3 3 3 3 3 3 3
1 0 1 1 1 1 1 1 1 1 1 1 1 1 1 1 1 1 1 1 1 1 1 1 1 1 1 1 1 1 1 1 1 1 1 1 1 1 1 1 1 1
2 2 0 2 2 2 2 2 2 2 2 2 2 2 2 2 2 2 2 2 2 2 2 2 2 2 2 2 2 2 2 2 2 2 2 2 2 2 2 2 2 2
1 1 1 0 1 1 1 1 1 1 1 1 1 1 1 1 1 1 1 1 1 1 1 1 1 1 1 1 1 1 1 1 1 1 1 1 1 1 1 1 1 1
1 1 1 1 0 1 1 1 1 1 1 1 1 1 1 1 1 1 1 1 1 1 1 1 1 1 1 1 1 1 1 1 1 1 1 1 1 1 1 1 1 1
2 2 2 2 2 0 2 2 2 2 2 2 2 2 2 2 2 2 2 2 2 2 2 2 2 2 2 2 2 2 2 2 2 2 2 2 2 2 2 2 2 2
2 2 2 2 2 2 0 2 2 2 2 2 2 2 2 2 2 2 2 2 2 2 2 2 2 2 2 2 2 2 2 2 2 2 2 2 2 2 2 2 2 2
1 1 1 1 1 1 1 0 1 1 1 1 1 1 1 1 1 1 1 1 1 1 1 1 1 1 1 1 1 1 1 1 1 1 1 1 1 1 1 1 1 1
3 3 3 3 3 3 3 3 0 3 3 3 3 3 3 3 3 3 3 3 3 3 3 3 3 3 3 3 3 3 3 3 3 3 3 3 3 3 3 3 3 3
2 2 2 2 2 2 2 2 2 0 2 2 2 2 2 2 2 2 2 2 2 2 2 2 2 2 2 2 2 2 2 2 2 2 2 2 2 2 2 2 2 2
1 1 1 1 1 1 1 1 1 1 0 1 1 1 1 1 1 1 1 1 1 1 1 1 1 1 1 1 1 1 1 1 1 1 1 1 1 1 1 1 1 1
1 1 1 1 1 1 1 1 1 1 1 0 1 1 1 1 1 1 1 1 1 1 1 1 1 1 1 1 1 1 1 1 1 1 1 1 1 1 1 1 1 1
1 1 1 1 1 1 1 1 1 1 1 1 0 1 1 1 1 1 1 1 1 1 1 1 1 1 1 1 1 1 1 1 1 1 1 1 1 1 1 1 1 1
2 2 2 2 2 2 2 2 2 2 2 2 2 0 2 2 2 2 2 2 2 2 2 2 2 2 2 2 2 2 2 2 2 2 2 2 2 2 2 2 2 2
1 1 1 1 1 1 1 1 1 1 1 1 1 1 0 1 1 1 1 1 1 1 1 1 1 1 1 1 1 1 1 1 1 1 1 1 1 1 1 1 1 1
2 2 2 2 2 2 2 2 2 2 2 2 2 2 2 0 2 2 2 2 2 2 2 2 2 2 2 2 2 2 2 2 2 2 2 2 2 2 2 2 2 2
2 2 2 2 2 2 2 2 2 2 2 2 2 2 2 2 0 2 2 2 2 2 2 2 2 2 2 2 2 2 2 2 2 2 2 2 2 2 2 2 2 2
3 3 3 3 3 3 3 3 3 3 3 3 3 3 3 3 3 0 3 3 3 3 3 3 3 3 3 3 3 3 3 3 3 3 3 3 3 3 3 3 3 3
1 1 1 1 1 1 1 1 1 1 1 1 1 1 1 1 1 1 0 1 1 1 1 1 1 1 1 1 1 1 1 1 1 1 1 1 1 1 1 1 1 1
2 2 2 2 2 2 2 2 2 2 2 2 2 2 2 2 2 2 2 0 2 2 2 2 2 2 2 2 2 2 2 2 2 2 2 2 2 2 2 2 2 2
1 1 1 1 1 1 1 1 1 1 1 1 1 1 1 1 1 1 1 1 0 1 1 1 1 1 1 1 1 1 1 1 1 1 1 1 1 1 1 1 1 1
2 2 2 2 2 2 2 2 2 2 2 2 2 2 2 2 2 2 2 2 2 0 2 2 2 2 2 2 2 2 2 2 2 2 2 2 2 2 2 2 2 2
1 1 1 1 1 1 1 1 1 1 1 1 1 1 1 1 1 1 1 1 1 1 0 1 1 1 1 1 1 1 1 1 1 1 1 1 1 1 1 1 1 1
2 2 2 2 2 2 2 2 2 2 2 2 2 2 2 2 2 2 2 2 2 2 2 0 2 2 2 2 2 2 2 2 2 2 2 2 2 2 2 2 2 2
3 3 3 3 3 3 3 3 3 3 3 3 3 3 3 3 3 3 3 3 3 3 3 3 0 3 3 3 3 3 3 3 3 3 3 3 3 3 3 3 3 3
1 1 1 1 1 1 1 1 1 1 1 1 1 1 1 1 1 1 1 1 1 1 1 1 1 0 1 1 1 1 1 1 1 1 1 1 1 1 1 1 1 1
2 2 2 2 2 2 2 2 2 2 2 2 2 2 2 2 2 2 2 2 2 2 2 2 2 2 0 2 2 2 2 2 2 2 2 2 2 2 2 2 2 2
2 2 2 2 2 2 2 2 2 2 2 2 2 2 2 2 2 2 2 2 2 2 2 2 2 2 2 0 2 2 2 2 2 2 2 2 2 2 2 2 2 2
2 2 2 2 2 2 2 2 2 2 2 2 2 2 2 2 2 2 2 2 2 2 2 2 2 2 2 2 0 2 2 2 2 2 2 2 2 2 2 2 2 2
2 2 2 2 2 2 2 2 2 2 2 2 2 2 2 2 2 2 2 2 2 2 2 2 2 2 2 2 2 0 2 2 2 2 2 2 2 2 2 2 2 2
1 1 1 1 1 1 1 1 1 1 1 1 1 1 1 1 1 1 1 1 1 1 1 1 1 1 1 1 1 1 0 1 1 1 1 1 1 1 1 1 1 1
2 2 2 2 2 2 2 2 2 2 2 2 2 2 2 2 2 2 2 2 2 2 2 2 2 2 2 2 2 2 2 0 2 2 2 2 2 2 2 2 2 2
1 1 1 1 1 1 1 1 1 1 1 1 1 1 1 1 1 1 1 1 1 1 1 1 1 1 1 1 1 1 1 1 0 1 1 1 1 1 1 1 1 1
2 2 2 2 2 2 2 2 2 2 2 2 2 2 2 2 2 2 2 2 2 2 2 2 2 2 2 2 2 2 2 2 2 0 2 2 2 2 2 2 2 2
1 1 1 1 1 1 1 1 1 1 1 1 1 1 1 1 1 1 1 1 1 1 1 1 1 1 1 1 1 1 1 1 1 1 0 1 1 1 1 1 1 1
3 3 3 3 3 3 3 3 3 3 3 3 3 3 3 3 3 3 3 3 3 3 3 3 3 3 3 3 3 3 3 3 3 3 3 0 3 3 3 3 3 3
2 2 2 2 2 2 2 2 2 2 2 2 2 2 2 2 2 2 2 2 2 2 2 2 2 2 2 2 2 2 2 2 2 2 2 2 0 2 2 2 2 2
2 2 2 2 2 2 2 2 2 2 2 2 2 2 2 2 2 2 2 2 2 2 2 2 2 2 2 2 2 2 2 2 2 2 2 2 2 0 2 2 2 2
1 1 1 1 1 1 1 1 1 1 1 1 1 1 1 1 1 1 1 1 1 1 1 1 1 1 1 1 1 1 1 1 1 1 1 1 1 1 0 1 1 1
3 3 3 3 3 3 3 3 3 3 3 3 3 3 3 3 3 3 3 3 3 3 3 3 3 3 3 3 3 3 3 3 3 3 3 3 3 3 3 0 3 3
1 1 1 1 1 1 1 1 1 1 1 1 1 1 1 1 1 1 1 1 1 1 1 1 1 1 1 1 1 1 1 1 1 1 1 1 1 1 1 1 0 1
3 3 3 3 3 3 3 3 3 3 3 3 3 3 3 3 3 3 3 3 3 3 3 3 3 3 3 3 3 3 3 3 3 3 3 3 3 3 3 3 3 0
Time:
0	15
15	30
30	45
45	60
60	75
75	90
90	105
105	120
120	135
135	150
150	165
165	180
180	195
195	210
210	225
225	240
240	255
255	270
270	285
285	300
300	315
315	330
330	345
345	360
360	375
375	390
390	405
405	420
420	435
435	450
450	465
465	480
480	495
495	510
510	525
525	540
540	555
555	570
570	585
585	600
600	615
615	630
630	645
645	660
660	675
675	690
690	705
705	720
720	735
735	750
750	765
765	780
780	795
795	810
810	825
825	840
840	855
855	870
870	885
885	900
900	915
915	930
930	945
945	960
960	975
975	990
990	1005
1005	1020
1020	1035
1035	1050
1050	1065
1065	1080
1080	2100
Speed:
0.925	0.85	0.925	1	0.8325	0.765	0.8325	0.9	0.4625	0.425	0.4625	0.5	0.30525	0.2805	0.30525	0.33	0.37	0.34	0.37	0.4	0.555	0.51	0.555	0.6	0.6475	0.595	0.6475	0.7	0.37	0.34	0.37	0.4	0.30525	0.2805	0.30525	0.33	0.4625	0.425	0.4625	0.5	0.6475	0.595	0.6475	0.7	0.74	0.68	0.74	0.8	0.6475	0.595	0.6475	0.7	0.4625	0.425	0.4625	0.5	0.555	0.51	0.555	0.6	0.6475	0.595	0.6475	0.7	0.8325	0.765	0.8325	0.9	0.925	0.85	0.925	1	1
0.925	0.85	0.925	1	0.8325	0.765	0.8325	0.9	0.4625	0.425	0.4625	0.5	0.30525	0.2805	0.30525	0.33	0.37	0.34	0.37	0.4	0.555	0.51	0.555	0.6	0.6475	0.595	0.6475	0.7	0.37	0.34	0.37	0.4	0.30525	0.2805	0.30525	0.33	0.4625	0.425	0.4625	0.5	0.6475	0.595	0.6475	0.7	0.74	0.68	0.74	0.8	0.6475	0.595	0.6475	0.7	0.4625	0.425	0.4625	0.5	0.555	0.51	0.555	0.6	0.6475	0.595	0.6475	0.7	0.8325	0.765	0.8325	0.9	0.925	0.85	0.925	1	1
0.925	0.85	0.925	1	0.8325	0.765	0.8325	0.9	0.4625	0.425	0.4625	0.5	0.30525	0.2805	0.30525	0.33	0.37	0.34	0.37	0.4	0.555	0.51	0.555	0.6	0.6475	0.595	0.6475	0.7	0.37	0.34	0.37	0.4	0.30525	0.2805	0.30525	0.33	0.4625	0.425	0.4625	0.5	0.6475	0.595	0.6475	0.7	0.74	0.68	0.74	0.8	0.6475	0.595	0.6475	0.7	0.4625	0.425	0.4625	0.5	0.555	0.51	0.555	0.6	0.6475	0.595	0.6475	0.7	0.8325	0.765	0.8325	0.9	0.925	0.85	0.925	1	1
