41
0.00 87.91 40.82 68.00 66.93 66.07 84.18 50.57 43.32 73.99 77.71 54.52 68.43 74.34 88.44 82.68 81.83 81.27 91.21 55.96 72.34 75.18 80.16 59.95 107.97 51.27 78.20 74.40 76.88 67.51 69.15 68.67 68.20 83.72 29.00 72.16 67.82 76.27 94.86 64.14 56.73
87.91 0.00 57.54 21.92 40.12 22.40 32.76 56.83 44.94 29.68 10.27 33.75 24.40 15.50 35.73 14.51 32.15 6.66 27.37 32.02 20.46 19.12 31.70 28.46 23.99 36.68 11.57 15.59 11.10 25.25 22.38 25.52 36.69 4.21 66.00 16.27 22.71 16.19 8.01 26.88 31.44
40.82 57.54 0.00 44.34 26.73 40.70 68.54 10.66 19.71 57.60 48.77 32.30 47.50 42.10 73.41 58.48 66.24 51.24 71.75 29.19 49.82 40.33 64.55 36.21 80.93 28.32 51.39 48.84 46.96 32.82 35.41 48.77 28.60 53.52 11.90 41.55 44.92 52.03 65.46 30.67 28.71
68.00 21.92 44.34 0.00 37.83 13.52 25.55 47.50 27.15 15.89 12.29 13.78 4.86 16.28 30.30 14.99 23.52 16.18 27.43 15.16 5.49 22.15 22.05 8.57 39.99 17.63 10.66 6.59 13.14 21.05 18.85 6.70 35.08 18.26 49.91 12.58 10.46 8.38 27.53 19.21 15.68
66.93 40.12 26.73 37.83 0.00 33.89 62.95 20.22 30.47 53.72 34.91 33.49 42.55 26.12 67.49 47.28 61.11 35.47 62.45 27.70 42.54 21.06 59.74 33.45 63.92 31.66 39.22 38.76 32.46 17.19 19.98 44.34 31.37 37.05 38.50 28.00 38.97 42.39 47.88 18.64 26.10
66.07 22.40 40.70 13.52 33.89 0.00 29.59 43.55 24.23 19.84 12.19 11.56 8.66 13.82 34.33 17.99 27.57 16.08 31.22 11.69 9.38 19.24 26.08 6.14 42.31 15.00 12.15 8.60 12.26 17.30 15.31 10.47 31.20 18.41 46.77 10.09 5.10 11.40 28.84 15.25 11.99
84.18 32.76 68.54 25.55 62.95 29.59 0.00 72.76 49.62 11.05 30.12 36.27 21.39 38.38 4.87 18.52 12.07 31.92 9.69 39.78 20.45 44.60 13.80 32.58 33.33 40.31 25.36 24.48 32.49 45.81 43.21 19.91 59.99 32.16 72.12 35.49 24.59 20.98 31.83 44.53 40.67
50.57 56.83 10.66 47.50 20.22 43.55 72.76 0.00 27.04 62.18 49.30 37.46 51.37 41.46 77.60 60.38 70.58 51.07 74.66 33.06 52.93 38.20 68.96 40.25 80.76 33.89 52.70 50.86 47.16 31.60 34.53 52.87 22.98 53.12 21.68 41.87 48.31 54.34 64.83 30.62 32.09
43.32 44.94 19.71 27.15 30.47 24.23 49.62 27.04 0.00 38.58 34.93 13.67 29.34 31.03 54.46 42.08 47.26 38.28 53.86 12.97 32.36 32.23 45.54 18.58 66.45 9.60 36.19 32.82 33.84 24.83 26.09 30.32 30.09 40.73 22.86 28.92 27.41 35.44 52.25 21.22 13.51
73.99 29.68 57.60 15.89 53.72 19.84 11.05 62.18 38.58 0.00 23.82 25.31 11.21 30.86 15.88 15.71 8.68 26.68 17.31 29.12 11.81 37.07 6.96 21.93 38.03 29.32 19.48 17.06 25.83 36.90 34.57 9.49 50.97 27.72 61.08 27.49 14.75 14.36 31.53 35.09 30.13
77.71 10.27 48.77 12.29 34.91 12.19 30.12 49.30 34.93 23.82 0.00 23.48 15.75 8.84 34.11 12.56 28.81 11.98 27.79 21.96 12.56 14.76 27.85 18.20 32.19 26.46 4.77 7.01 11.97 18.19 15.21 17.24 31.63 6.21 56.52 7.44 13.28 9.54 17.32 18.69 21.53
54.52 33.75 32.30 13.78 33.49 11.56 36.27 37.46 13.67 25.31 23.48 0.00 15.67 22.39 41.14 28.77 33.95 27.24 40.19 5.82 18.80 25.98 32.25 5.43 53.67 11.37 23.68 19.94 23.05 20.60 20.23 16.70 31.71 29.65 36.52 19.23 13.89 22.16 40.39 17.05 7.47
68.43 24.40 47.50 4.86 42.55 8.66 21.39 51.37 29.34 11.21 15.75 15.67 0.00 20.92 26.23 14.44 19.24 19.42 24.52 18.46 4.24 26.91 17.67 11.30 39.82 19.75 12.83 8.95 17.09 25.88 23.72 9.31 39.85 21.20 52.19 17.28 9.21 8.70 28.93 23.91 19.29
74.34 15.50 42.10 16.28 26.12 13.82 38.38 41.46 31.03 30.86 8.84 22.39 20.92 0.00 42.57 21.37 36.87 9.66 36.61 18.81 19.06 6.25 35.75 18.14 39.31 24.18 13.39 14.02 6.36 9.87 6.93 22.70 22.81 11.66 50.94 11.77 17.53 17.40 23.49 11.43 17.77
88.44 35.73 73.41 30.30 67.49 34.33 4.87 77.60 54.46 15.88 34.11 41.14 26.23 42.57 0.00 22.01 7.20 35.58 9.69 44.64 25.11 48.75 8.93 37.44 32.98 45.17 29.34 28.84 36.54 50.32 47.66 24.77 64.49 35.58 76.92 39.83 29.37 25.27 33.82 49.16 45.51
82.68 14.51 58.48 14.99 47.28 17.99 18.52 60.38 42.08 15.71 12.56 28.77 14.44 21.37 22.01 0.00 17.70 13.59 15.24 29.67 10.36 27.31 17.19 23.53 25.39 32.61 8.05 9.64 15.06 30.26 27.35 14.66 44.05 13.65 64.74 19.32 14.95 6.64 15.90 30.06 29.86
81.83 32.15 66.24 23.52 61.11 27.57 12.07 70.58 47.26 8.68 28.81 33.95 19.24 36.87 7.20 17.70 0.00 30.84 11.15 37.56 18.57 43.11 15.64 30.36 34.44 37.98 24.07 22.88 31.13 44.02 41.47 17.70 58.20 31.25 69.74 33.86 22.53 19.48 31.81 42.61 38.49
81.27 6.66 51.24 16.18 35.47 16.08 31.92 51.07 38.28 26.68 11.98 27.24 19.42 9.66 35.58 13.59 30.84 0.00 28.43 25.36 15.95 14.57 30.06 22.02 29.79 30.07 7.21 10.50 4.45 19.52 16.56 20.82 32.09 10.87 59.45 9.74 17.14 12.35 14.27 20.70 24.79
91.21 27.37 71.75 27.43 62.45 31.22 9.69 74.66 53.86 17.31 27.79 40.19 24.52 36.61 9.69 15.24 11.15 28.43 0.00 42.56 21.94 42.52 12.32 35.63 23.72 44.27 23.26 24.01 30.29 45.35 42.48 23.60 59.25 27.94 76.70 34.45 26.84 20.42 24.49 44.85 43.11
55.96 32.02 29.19 15.16 27.70 11.69 39.78 33.06 12.97 29.12 21.96 5.82 18.46 18.81 44.64 29.67 37.56 25.36 42.56 0.00 20.63 21.38 35.93 7.21 53.58 5.55 23.33 20.17 20.94 15.25 15.34 19.87 25.89 27.82 35.14 16.25 15.73 23.09 39.28 11.56 12.57
72.34 20.46 49.82 5.49 42.54 9.38 20.45 52.93 32.36 11.81 12.56 18.80 4.24 19.06 25.11 10.36 18.57 15.95 21.94 20.63 0.00 25.27 17.22 13.84 35.74 22.78 8.99 5.56 14.30 25.47 22.99 5.07 39.64 17.52 55.19 15.69 4.97 4.48 24.72 24.08 21.17
75.18 19.12 40.33 22.15 21.06 19.24 44.60 38.20 32.23 37.07 14.76 25.98 26.91 6.25 48.75 27.31 43.11 14.57 42.52 21.38 25.27 0.00 42.00 22.55 43.05 26.93 19.46 20.27 12.27 7.77 6.17 28.72 17.64 16.01 50.16 9.64 23.42 23.63 26.99 11.05 20.00
80.16 31.70 64.55 22.05 59.74 26.08 13.80 68.96 45.54 6.96 27.85 32.25 17.67 35.75 8.93 17.19 15.64 30.06 12.32 35.93 17.22 42.00 0.00 28.72 35.23 36.28 23.16 21.73 30.13 42.69 40.18 16.10 56.86 30.59 68.00 32.66 21.02 18.42 31.80 41.19 36.88
59.95 28.46 36.21 8.57 33.45 6.14 32.58 40.25 18.58 21.93 18.20 5.43 11.30 18.14 37.44 23.53 30.36 22.02 35.63 7.21 13.84 22.55 28.72 0.00 48.28 9.09 18.25 14.53 17.96 18.49 17.38 12.67 31.21 24.40 41.37 14.68 8.87 16.90 34.98 15.44 8.23
107.97 23.99 80.93 39.99 63.92 42.31 33.33 80.76 66.45 38.03 32.19 53.67 39.82 39.31 32.98 25.39 34.44 29.79 23.72 53.58 35.74 43.05 35.23 48.28 0.00 57.30 30.27 33.75 33.98 49.16 46.24 39.91 60.48 27.65 88.58 39.39 40.15 31.70 16.06 50.50 53.40
51.27 36.68 28.32 17.63 31.66 15.00 40.31 33.89 9.60 29.32 26.46 11.37 19.75 24.18 45.17 32.61 37.98 30.07 44.27 5.55 22.78 26.93 36.28 9.09 57.30 0.00 27.13 23.55 25.74 20.67 20.88 20.78 30.24 32.51 32.46 21.39 17.83 25.98 43.62 16.92 7.02
78.20 11.57 51.39 10.66 39.22 12.15 25.36 52.70 36.19 19.48 4.77 23.68 12.83 13.39 29.34 8.05 24.07 7.21 23.26 23.33 8.99 19.46 23.16 18.25 30.27 27.13 0.00 11.77 7.20 22.23 19.31 14.02 36.00 8.54 58.41 11.28 11.30 5.14 16.90 22.19 23.22
74.40 15.59 48.84 6.59 38.76 8.60 24.48 50.86 32.82 17.06 7.01 19.94 8.95 14.02 28.84 9.64 22.88 10.50 24.01 20.17 5.56 20.27 21.73 14.53 33.75 23.55 11.77 0.00 8.80 21.57 18.83 10.31 35.68 12.26 55.31 11.01 7.19 10.04 20.94 20.84 20.28
76.88 11.10 46.96 13.14 32.46 12.26 32.49 47.16 33.84 25.83 11.97 23.05 17.09 6.36 36.54 15.06 31.13 4.45 30.29 20.94 14.30 12.27 30.13 17.96 33.98 25.74 7.20 8.80 0.00 15.86 12.87 18.70 29.16 6.89 55.03 5.41 14.26 11.72 18.67 16.61 20.34
67.51 25.25 32.82 21.05 17.19 17.30 45.81 31.60 24.83 36.90 18.19 20.60 25.88 9.87 50.32 30.26 44.02 19.52 45.35 15.25 25.47 7.77 42.69 18.49 49.16 20.67 22.23 21.57 15.86 0.00 13.95 27.71 14.18 21.52 42.42 10.95 22.25 25.20 33.25 18.82 13.68
69.15 22.38 35.41 18.85 19.98 15.31 43.21 34.53 26.09 34.57 15.21 20.23 23.72 6.93 47.66 27.35 41.47 16.56 42.48 15.34 22.99 6.17 40.18 17.38 46.24 20.88 19.31 18.83 12.87 13.95 0.00 25.56 16.85 18.59 44.69 8.04 20.09 22.45 30.38 5.06 13.90
68.67 25.52 48.77 6.70 44.34 10.47 19.91 52.87 30.32 9.49 17.24 16.70 9.31 22.70 24.77 14.66 17.70 20.82 23.60 19.87 5.07 28.72 16.10 12.67 39.91 20.78 14.02 10.31 18.70 27.71 25.56 0.00 41.66 22.50 53.13 19.08 5.47 9.50 29.66 25.70 20.78
68.20 36.69 28.60 35.08 31.37 31.20 59.99 22.98 30.09 50.97 31.63 31.71 39.85 22.81 64.49 44.05 58.20 32.09 59.25 25.89 39.64 17.64 56.86 31.21 60.48 30.24 36.00 35.68 29.16 14.18 16.85 41.66 0.00 33.64 40.16 24.83 36.25 39.30 44.45 16.03 24.25
83.72 4.21 53.52 18.26 37.05 18.41 32.16 53.12 40.73 27.72 6.21 29.65 21.20 11.66 35.58 13.65 31.25 10.87 27.94 27.82 17.52 16.01 30.59 24.40 27.65 32.51 8.54 12.26 6.89 21.52 18.59 22.50 33.64 0.00 61.84 12.11 19.15 13.58 11.94 22.91 27.23
29.00 66.00 11.90 49.91 38.50 46.77 72.12 21.68 22.86 61.08 56.52 36.52 52.19 50.94 76.92 64.74 69.74 59.45 76.70 35.14 55.19 50.16 68.00 41.37 88.58 32.46 58.41 55.31 55.03 42.42 44.69 53.13 40.16 61.84 0.00 49.73 50.23 58.12 73.70 39.68 35.19
72.16 16.27 41.55 12.58 28.00 10.09 35.49 41.87 28.92 27.49 7.44 19.23 17.28 11.77 39.83 19.32 33.86 9.74 34.45 16.25 15.69 9.64 32.66 14.68 39.39 21.39 11.28 11.01 5.41 10.95 8.04 19.08 24.83 12.11 49.73 0.00 13.84 14.56 24.01 11.26 15.44
67.82 22.71 44.92 10.46 38.97 5.10 24.59 48.31 27.41 14.75 13.28 13.89 9.21 17.53 29.37 14.95 22.53 17.14 26.84 15.73 4.97 23.42 21.02 8.87 40.15 17.83 11.30 7.19 14.26 22.25 20.09 5.47 36.25 19.15 50.23 13.84 0.00 8.45 28.06 20.33 16.36
76.27 16.19 52.03 8.38 42.39 11.40 20.98 54.34 35.44 14.36 9.54 22.16 8.70 17.40 25.27 6.64 19.48 12.35 20.42 23.09 4.48 23.63 18.42 16.90 31.70 25.98 5.14 10.04 11.72 25.20 22.45 9.50 39.30 13.58 58.12 14.56 8.45 0.00 20.24 24.46 23.35
94.86 8.01 65.46 27.53 47.88 28.84 31.83 64.83 52.25 31.53 17.32 40.39 28.93 23.49 33.82 15.90 31.81 14.27 24.49 39.28 24.72 26.99 31.80 34.98 16.06 43.62 16.90 20.94 18.67 33.25 30.38 29.66 44.45 11.94 73.70 24.01 28.06 20.24 0.00 34.83 38.84
64.14 26.88 30.67 19.21 18.64 15.25 44.53 30.62 21.22 35.09 18.69 17.05 23.91 11.43 49.16 30.06 42.61 20.70 44.85 11.56 24.08 11.05 41.19 15.44 50.50 16.92 22.19 20.84 16.61 18.82 5.06 25.70 16.03 22.91 39.68 11.26 20.33 24.46 34.83 0.00 9.95
56.73 31.44 28.71 15.68 26.10 11.99 40.67 32.09 13.51 30.13 21.53 7.47 19.29 17.77 45.51 29.86 38.49 24.79 43.11 12.57 21.17 20.00 36.88 8.23 53.40 7.02 23.22 20.28 20.34 13.68 13.90 20.78 24.25 27.23 35.19 15.44 16.36 23.35 38.84 9.95 0.00
0	0	2200	0	0	0
1	66	146	1	0	32
2	237	317	1	0	34
3	327	407	1	0	8
4	388	468	1	0	12
5	489	569	1	0	13
6	557	637	1	0	17
7	665	745	1	0	20
8	705	785	-1	3	0
9	779	859	1	0	10
10	836	916	-1	9	0
11	875	955	1	0	27
12	906	986	-1	4	0
13	934	1014	-1	5	0
14	984	1064	1	0	26
15	1011	1091	1	0	30
16	1034	1114	1	0	21
17	1066	1146	-1	6	0
18	1095	1175	1	0	37
19	1140	1220	1	0	35
20	1165	1245	-1	7	0
21	1191	1271	-1	16	0
22	1243	1323	1	0	25
23	1273	1353	1	0	39
24	1322	1402	1	0	28
25	1382	1462	-1	22	0
26	1416	1496	-1	14	0
27	1428	1508	-1	11	0
28	1437	1517	-1	24	0
29	1452	1532	1	0	38
30	1470	1550	-1	15	0
31	1495	1575	1	0	33
32	1537	1617	-1	1	0
33	1572	1652	-1	31	0
34	1634	1714	-1	2	0
35	1687	1767	-1	19	0
36	1700	1780	1	0	40
37	1709	1789	-1	18	0
38	1729	1809	-1	29	0
39	1773	1853	-1	23	0
40	1783	1863	-1	36	0
C:
0 3 3 3 3 3 3 3 3 3 3 3 3 3 3 3 3 3 3 3 3 3 3 3 3 3 3 3 3 3 3 3 3 3 3 3 3 3 3 3 3 3
2 0 2 2 2 2 2 2 2 2 2 2 2 2 2 2 2 2 2 2 2 2 2 2 2 2 2 2 2 2 2 2 2 2 2 2 2 2 2 2 2 2
3 3 0 3 3 3 3 3 3 3 3 3 3 3 3 3 3 3 3 3 3 3 3 3 3 3 3 3 3 3 3 3 3 3 3 3 3 3 3 3 3 3
1 1 1 0 1 1 1 1 1 1 1 1 1 1 1 1 1 1 1 1 1 1 1 1 1 1 1 1 1 1 1 1 1 1 1 1 1 1 1 1 1 1
3 3 3 3 0 3 3 3 3 3 3 3 3 3 3 3 3 3 3 3 3 3 3 3 3 3 3 3 3 3 3 3 3 3 3 3 3 3 3 3 3 3
1 1 1 1 1 0 1 1 1 1 1 1 1 1 1 1 1 1 1 1 1 1 1 1 1 1 1 1 1 1 1 1 1 1 1 1 1 1 1 1 1 1
3 3 3 3 3 3 0 3 3 3 3 3 3 3 3 3 3 3 3 3 3 3 3 3 3 3 3 3 3 3 3 3 3 3 3 3 3 3 3 3 3 3
3 3 3 3 3 3 3 0 3 3 3 3 3 3 3 3 3 3 3 3 3 3 3 3 3 3 3 3 3 3 3 3 3 3 3 3 3 3 3 3 3 3
3 3 3 3 3 3 3 3 0 3 3 3 3 3 3 3 3 3 3 3 3 3 3 3 3 3 3 3 3 3 3 3 3 3 3 3 3 3 3 3 3 3
2 2 2 2 2 2 2 2 2 0 2 2 2 2 2 2 2 2 2 2 2 2 2 2 2 2 2 2 2 2 2 2 2 2 2 2 2 2 2 2 2 2
1 1 1 1 1 1 1 1 1 1 0 1 1 1 1 1 1 1 1 1 1 1 1 1 1 1 1 1 1 1 1 1 1 1 1 1 1 1 1 1 1 1
2 2 2 2 2 2 2 2 2 2 2 0 2 2 2 2 2 2 2 2 2 2 2 2 2 2 2 2 2 2 2 2 2 2 2 2 2 2 2 2 2 2
1 1 1 1 1 1 1 1 1 1 1 1 0 1 1 1 1 1 1 1 1 1 1 1 1 1 1 1 1 1 1 1 1 1 1 1 1 1 1 1 1 1
1 1 1 1 1 1 1 1 1 1 1 1 1 0 1 1 1 1 1 1 1 1 1 1 1 1 1 1 1 1 1 1 1 1 1 1 1 1 1 1 1 1
3 3 3 3 3 3 3 3 3 3 3 3 3 3 0 3 3 3 3 3 3 3 3 3 3 3 3 3 3 3 3 3 3 3 3 3 3 3 3 3 3 3
2 2 2 2 2 2 2 2 2 2 2 2 2 2 2 0 2 2 2 2 2 2 2 2 2 2 2 2 2 2 2 2 2 2 2 2 2 2 2 2 2 2
3 3 3 3 3 3 3 3 3 3 3 3 3 3 3 3 0 3 3 3 3 3 3 3 3 3 3 3 3 3 3 3 3 3 3 3 3 3 3 3 3 3
1 1 1 1 1 1 1 1 1 1 1 1 1 1 1 1 1 0 1 1 1 1 1 1 1 1 1 1 1 1 1 1 1 1 1 1 1 1 1 1 1 1
3 3 3 3 3 3 3 3 3 3 3 3 3 3 3 3 3 3 0 3 3 3 3 3 3 3 3 3 3 3 3 3 3 3 3 3 3 3 3 3 3 3
2 2 2 2 2 2 2 2 2 2 2 2 2 2 2 2 2 2 2 0 2 2 2 2 2 2 2 2 2 2 2 2 2 2 2 2 2 2 2 2 2 2
1 1 1 1 1 1 1 1 1 1 1 1 1 1 1 1 1 1 1 1 0 1 1 1 1 1 1 1 1 1 1 1 1 1 1 1 1 1 1 1 1 1
2 2 2 2 2 2 2 2 2 2 2 2 2 2 2 2 2 2 2 2 2 0 2 2 2 2 2 2 2 2 2 2 2 2 2 2 2 2 2 2 2 2
3 3 3 3 3 3 3 3 3 3 3 3 3 3 3 3 3 3 3 3 3 3 0 3 3 3 3 3 3 3 3 3 3 3 3 3 3 3 3 3 3 3
1 1 1 1 1 1 1 1 1 1 1 1 1 1 1 1 1 1 1 1 1 1 1 0 1 1 1 1 1 1 1 1 1 1 1 1 1 1 1 1 1 1
3 3 3 3 3 3 3 3 3 3 3 3 3 3 3 3 3 3 3 3 3 3 3 3 0 3 3 3 3 3 3 3 3 3 3 3 3 3 3 3 3 3
2 2 2 2 2 2 2 2 2 2 2 2 2 2 2 2 2 2 2 2 2 2 2 2 2 0 2 2 2 2 2 2 2 2 2 2 2 2 2 2 2 2
1 1 1 1 1 1 1 1 1 1 1 1 1 1 1 1 1 1 1 1 1 1 1 1 1 1 0 1 1 1 1 1 1 1 1 1 1 1 1 1 1 1
1 1 1 1 1 1 1 1 1 1 1 1 1 1 1 1 1 1 1 1 1 1 1 1 1 1 1 0 1 1 1 1 1 1 1 1 1 1 1 1 1 1
1 1 1 1 1 1 1 1 1 1 1 1 1 1 1 1 1 1 1 1 1 1 1 1 1 1 1 1 0 1 1 1 1 1 1 1 1 1 1 1 1 1
2 2 2 2 2 2 2 2 2 2 2 2 2 2 2 2 2 2 2 2 2 2 2 2 2 2 2 2 2 0 2 2 2 2 2 2 2 2 2 2 2 2
1 1 1 1 1 1 1 1 1 1 1 1 1 1 1 1 1 1 1 1 1 1 1 1 1 1 1 1 1 1 0 1 1 1 1 1 1 1 1 1 1 1
1 1 1 1 1 1 1 1 1 1 1 1 1 1 1 1 1 1 1 1 1 1 1 1 1 1 1 1 1 1 1 0 1 1 1 1 1 1 1 1 1 1
3 3 3 3 3 3 3 3 3 3 3 3 3 3 3 3 3 3 3 3 3 3 3 3 3 3 3 3 3 3 3 3 0 3 3 3 3 3 3 3 3 3
1 1 1 1 1 1 1 1 1 1 1 1 1 1 1 1 1 1 1 1 1 1 1 1 1 1 1 1 1 1 1 1 1 0 1 1 1 1 1 1 1 1
3 3 3 3 3 3 3 3 3 3 3 3 3 3 3 3 3 3 3 3 3 3 3 3 3 3 3 3 3 3 3 3 3 3 0 3 3 3 3 3 3 3
1 1 1 1 1 1 1 1 1 1 1 1 1 1 1 1 1 1 1 1 1 1 1 1 1 1 1 1 1 1 1 1 1 1 1 0 1 1 1 1 1 1
1 1 1 1 1 1 1 1 1 1 1 1 1 1 1 1 1 1 1 1 1 1 1 1 1 1 1 1 1 1 1 1 1 1 1 1 0 1 1 1 1 1
1 1 1 1 1 1 1 1 1 1 1 1 1 1 1 1 1 1 1 1 1 1 1 1 1 1 1 1 1 1 1 1 1 1 1 1 1 0 1 1 1 1
2 2 2 2 2 2 2 2 2 2 2 2 2 2 2 2 2 2 2 2 2 2 2 2 2 2 2 2 2 2 2 2 2 2 2 2 2 2 0 2 2 2
1 1 1 1 1 1 1 1 1 1 1 1 1 1 1 1 1 1 1 1 1 1 1 1 1 1 1 1 1 1 1 1 1 1 1 1 1 1 1 0 1 1
1 1 1 1 1 1 1 1 1 1 1 1 1 1 1 1 1 1 1 1 1 1 1 1 1 1 1 1 1 1 1 1 1 1 1 1 1 1 1 1 0 1
3 3 3 3 3 3 3 3 3 3 3 3 3 3 3 3 3 3 3 3 3 3 3 3 3 3 3 3 3 3 3 3 3 3 3 3 3 3 3 3 3 0
Time:
0	15
15	30
30	45
45	60
60	75
75	90
90	105
105	120
120	135
135	150
150	165
165	180
180	195
195	210
210	225
225	240
240	255
255	270
270	285
285	300
300	315
315	330
330	345
345	360
360	375
375	390
390	405
405	420
420	435
435	450
450	465
465	480
480	495
495	510
510	525
525	540
540	555
555	570
570	585
585	600
600	615
615	630
630	645
645	660
660	675
675	690
690	705
705	720
720	735
735	750
750	765
765	780
780	795
795	810
810	825
825	840
840	855
855	870
870	885
885	900
900	915
915	930
930	945
945	960
960	975
975	990
990	1005
1005	1020
1020	1035
1035	1050
1050	1065
1065	1080
1080	2200
Speed:
0.925	0.85	0.925	1	0.8325	0.765	0.8325	0.9	0.4625	0.425	0.4625	0.5	0.30525	0.2805	0.30525	0.33	0.37	0.34	0.37	0.4	0.555	0.51	0.555	0.6	0.6475	0.595	0.6475	0.7	0.37	0.34	0.37	0.4	0.30525	0.2805	0.30525	0.33	0.4625	0.425	0.4625	0.5	0.6475	0.595	0.6475	0.7	0.74	0.68	0.74	0.8	0.6475	0.595	0.6475	0.7	0.4625	0.425	0.4625	0.5	0.555	0.51	0.555	0.6	0.6475	0.595	0.6475	0.7	0.8325	0.765	0.8325	0.9	0.925	0.85	0.925	1	1
0.925	0.85	0.925	1	0.8325	0.765	0.8325	0.9	0.4625	0.425	0.4625	0.5	0.30525	0.2805	0.30525	0.33	0.37	0.34	0.37	0.4	0.555	0.51	0.555	0.6	0.6475	0.595	0.6475	0.7	0.37	0.34	0.37	0.4	0.30525	0.2805	0.30525	0.33	0.4625	0.425	0.4625	0.5	0.6475	0.595	0.6475	0.7	0.74	0.68	0.74	0.8	0.6475	0.595	0.6475	0.7	0.4625	0.425	0.4625	0.5	0.555	0.51	0.555	0.6	0.6475	0.595	0.6475	0.7	0.8325	0.765	0.8325	0.9	0.925	0.85	0.925	1	1
0.925	0.85	0.925	1	0.8325	0.765	0.8325	0.9	0.4625	0.425	0.4625	0.5	0.30525	0.2805	0.30525	0.33	0.37	0.34	0.37	0.4	0.555	0.51	0.555	0.6	0.6475	0.595	0.6475	0.7	0.37	0.34	0.37	0.4	0.30525	0.2805	0.30525	0.33	0.4625	0.425	0.4625	0.5	0.6475	0.595	0.6475	0.7	0.74	0.68	0.74	0.8	0.6475	0.595	0.6475	0.7	0.4625	0.425	0.4625	0.5	0.555	0.51	0.555	0.6	0.6475	0.595	0.6475	0.7	0.8325	0.765	0.8325	0.9	0.925	0.85	0.925	1	1
