31
0.00 78.82 74.38 60.54 63.74 56.86 76.85 68.76 69.27 53.14 78.63 61.79 69.83 69.51 78.81 61.34 70.20 58.82 75.27 72.26 70.55 69.95 86.20 72.55 80.68 78.63 77.79 58.01 74.83 69.39 71.67
78.82 0.00 4.43 18.33 17.72 22.09 9.81 16.78 10.19 28.45 9.56 17.31 9.02 9.54 6.75 20.61 11.68 20.87 4.81 11.08 11.82 14.74 7.40 8.71 6.49 11.63 9.63 22.10 5.15 13.49 14.90
74.38 4.43 0.00 13.92 14.04 17.69 9.86 14.30 6.12 24.40 5.13 12.98 4.63 5.25 7.82 16.88 8.63 16.64 9.24 9.04 8.97 12.37 11.82 6.26 8.64 11.96 12.75 17.94 9.58 10.71 13.10
60.54 18.33 13.92 0.00 7.69 10.41 16.54 13.39 9.75 12.18 18.14 11.41 9.31 9.49 19.65 8.47 12.63 4.45 14.82 13.45 13.23 13.09 25.73 12.68 21.25 21.43 17.38 5.98 14.38 11.43 15.12
63.74 17.72 14.04 7.69 0.00 8.97 16.88 6.06 13.15 11.13 16.36 5.76 10.13 12.11 21.52 10.22 17.12 5.61 13.09 8.57 17.75 6.47 24.64 9.48 22.62 24.70 17.29 5.87 12.68 5.65 8.44
56.86 22.09 17.69 10.41 8.97 0.00 20.34 15.03 13.48 9.23 21.77 4.96 13.07 13.29 23.41 8.46 16.07 13.35 18.41 16.29 16.64 15.21 29.48 15.95 25.03 24.98 21.17 4.43 17.98 13.87 17.25
76.85 9.81 9.86 16.54 16.88 20.34 0.00 16.81 7.85 27.24 4.73 15.72 7.37 7.37 5.44 19.73 9.16 19.44 5.01 11.32 9.31 14.82 9.43 8.64 5.93 10.06 9.84 20.76 5.17 13.30 15.32
68.76 16.78 14.30 13.39 6.06 15.03 16.81 0.00 15.91 15.63 14.61 11.35 11.99 14.60 22.11 7.60 20.04 11.64 12.02 5.72 20.63 12.53 22.65 8.18 22.73 26.13 16.83 11.68 11.74 11.71 14.50
69.27 10.19 6.12 9.75 13.15 13.48 7.85 15.91 0.00 21.62 11.24 9.65 10.75 10.77 9.94 15.55 14.75 13.57 8.86 12.16 4.74 14.40 17.26 9.66 11.63 11.90 8.94 15.08 8.57 12.38 15.83
53.14 28.45 24.40 12.18 11.13 9.23 27.24 15.63 21.62 0.00 27.36 11.97 19.95 21.05 31.21 8.41 24.79 8.04 24.01 19.63 25.40 16.91 35.59 20.57 32.61 33.48 27.83 6.57 23.59 16.64 18.56
78.63 9.56 5.13 18.14 16.36 21.77 4.73 14.61 11.24 27.36 0.00 16.85 9.01 10.30 9.58 19.24 13.50 20.12 9.74 8.90 13.75 12.58 8.30 6.93 9.30 14.44 14.57 21.22 9.91 11.58 12.49
61.79 17.31 12.98 11.41 5.76 4.96 15.72 11.35 9.65 11.97 16.85 0.00 8.36 9.11 19.31 6.93 13.02 11.37 13.48 11.56 13.64 11.06 24.69 11.01 20.79 21.53 16.48 5.43 13.04 9.43 13.09
69.83 9.02 4.63 9.31 10.13 13.07 7.37 11.99 10.75 19.95 9.01 8.36 0.00 9.88 11.45 12.84 8.13 12.08 5.91 8.07 8.70 10.38 16.42 5.67 12.70 14.63 8.12 13.43 5.52 8.39 11.75
69.51 9.54 5.25 9.49 12.11 13.29 7.37 14.60 10.77 21.05 10.30 9.11 9.88 0.00 10.21 14.63 5.45 13.02 7.70 10.78 6.03 13.05 16.79 8.29 11.76 12.68 8.37 14.49 7.38 11.04 14.46
78.81 6.75 7.82 19.65 21.52 23.41 5.44 22.11 9.94 31.21 9.58 19.31 11.45 10.21 0.00 24.28 8.74 23.21 10.45 16.72 8.51 20.16 9.93 13.99 10.83 4.90 5.88 24.65 10.61 18.53 20.75
61.34 20.61 16.88 8.47 10.22 8.46 19.73 7.60 15.55 8.41 19.24 6.93 12.84 14.63 24.28 0.00 19.38 4.89 15.98 11.23 20.01 8.61 27.53 12.34 25.43 27.29 20.17 4.35 15.58 8.24 10.39
70.20 11.68 8.63 12.63 17.12 16.07 9.16 20.04 14.75 24.79 13.50 13.02 8.13 5.45 8.74 19.38 0.00 16.85 11.89 16.09 11.48 18.50 17.82 13.46 10.69 8.98 10.30 18.40 11.70 16.49 19.87
58.82 20.87 16.64 4.45 5.61 13.35 19.44 11.64 13.57 8.04 20.12 11.37 12.08 13.02 23.21 4.89 16.85 0.00 16.73 13.60 17.46 12.03 28.17 13.74 24.65 25.45 20.13 9.24 16.29 10.92 14.03
75.27 4.81 9.24 14.82 13.09 18.41 5.01 12.02 8.86 24.01 9.74 13.48 5.91 7.70 10.45 15.98 11.89 16.73 0.00 6.39 12.27 9.99 11.58 11.58 10.80 14.97 4.83 17.83 9.91 8.68 10.34
72.26 11.08 9.04 13.45 8.57 16.29 11.32 5.72 12.16 19.63 8.90 11.56 8.07 10.78 16.72 11.23 16.09 13.60 6.39 0.00 16.62 15.04 17.02 13.74 17.18 21.01 11.22 14.26 6.16 14.22 16.31
70.55 11.82 8.97 13.23 17.75 16.64 9.31 20.63 4.74 25.40 13.75 13.64 8.70 6.03 8.51 20.01 11.48 17.46 12.27 16.62 0.00 19.07 17.78 13.96 10.47 8.47 10.45 19.01 12.10 17.07 20.42
69.95 14.74 12.37 13.09 6.47 15.21 14.82 12.53 14.40 16.91 12.58 11.06 10.38 13.05 20.16 8.61 18.50 12.03 9.99 15.04 19.07 0.00 20.64 6.18 20.73 24.26 14.81 12.33 9.73 10.97 13.03
86.20 7.40 11.82 25.73 24.64 29.48 9.43 22.65 17.26 35.59 8.30 24.69 16.42 16.79 9.93 27.53 17.82 28.17 11.58 17.02 17.78 20.64 0.00 15.22 8.20 13.97 8.43 29.35 12.00 19.82 20.24
72.55 8.71 6.26 12.68 9.48 15.95 8.64 8.18 9.66 20.57 6.93 11.01 5.67 8.29 13.99 12.34 13.46 13.74 11.58 13.74 13.96 6.18 15.22 0.00 14.55 18.21 8.65 14.67 11.19 4.78 6.85
80.68 6.49 8.64 21.25 22.62 25.03 5.93 22.73 11.63 32.61 9.30 20.79 12.70 11.76 10.83 25.43 10.69 24.65 10.80 17.18 10.47 20.73 8.20 14.55 0.00 5.93 5.99 26.06 11.03 19.23 21.14
78.63 11.63 11.96 21.43 24.70 24.98 10.06 26.13 11.90 33.48 14.44 21.53 14.63 12.68 4.90 27.29 8.98 25.45 14.97 21.01 8.47 24.26 13.97 18.21 5.93 0.00 10.67 26.97 15.06 22.48 25.06
77.79 9.63 12.75 17.38 17.29 21.17 9.84 16.83 8.94 27.83 14.57 16.48 8.12 8.37 5.88 20.17 10.30 20.13 4.83 11.22 10.45 14.81 8.43 8.65 5.99 10.67 0.00 21.41 5.08 13.40 15.15
58.01 22.10 17.94 5.98 5.87 4.43 20.76 11.68 15.08 6.57 21.22 5.43 13.43 14.49 24.65 4.35 18.40 9.24 17.83 14.26 19.01 12.33 29.35 14.67 26.06 26.97 21.41 0.00 17.40 11.44 14.27
74.83 5.15 9.58 14.38 12.68 17.98 5.17 11.74 8.57 23.59 9.91 13.04 5.52 7.38 10.61 15.58 11.70 16.29 9.91 6.16 12.10 9.73 12.00 11.19 11.03 15.06 5.08 17.40 0.00 8.36 10.15
69.39 13.49 10.71 11.43 5.65 13.87 13.30 11.71 12.38 16.64 11.58 9.43 8.39 11.04 18.53 8.24 16.49 10.92 8.68 14.22 17.07 10.97 19.82 4.78 19.23 22.48 13.40 11.44 8.36 0.00 11.63
71.67 14.90 13.10 15.12 8.44 17.25 15.32 14.50 15.83 18.56 12.49 13.09 11.75 14.46 20.75 10.39 19.87 14.03 10.34 16.31 20.42 13.03 20.24 6.85 21.14 25.06 15.15 14.27 10.15 11.63 0.00
0	0	1700	0	0	0
1	55	135	1	0	4
2	60	140	1	0	21
3	76	156	1	0	11
4	88	168	-1	1	0
5	109	189	1	0	16
6	157	237	1	0	19
7	210	290	1	0	28
8	254	334	1	0	20
9	296	376	1	0	26
10	343	423	1	0	30
11	370	450	-1	3	0
12	383	463	1	0	13
13	411	491	-1	12	0
14	437	517	1	0	18
15	511	591	1	0	23
16	553	633	-1	5	0
17	581	661	1	0	25
18	608	688	-1	14	0
19	617	697	-1	6	0
20	640	720	-1	8	0
21	666	746	-1	2	0
22	695	775	1	0	24
23	722	802	-1	15	0
24	745	825	-1	22	0
25	758	838	-1	17	0
26	782	862	-1	9	0
27	823	903	1	0	29
28	854	934	-1	7	0
29	868	948	-1	27	0
30	887	967	-1	10	0
C:
0 3 3 3 3 3 3 3 3 3 3 3 3 3 3 3 3 3 3 3 3 3 3 3 3 3 3 3 3 3 3 3
1 0 1 1 1 1 1 1 1 1 1 1 1 1 1 1 1 1 1 1 1 1 1 1 1 1 1 1 1 1 1 1
1 1 0 1 1 1 1 1 1 1 1 1 1 1 1 1 1 1 1 1 1 1 1 1 1 1 1 1 1 1 1 1
1 1 1 0 1 1 1 1 1 1 1 1 1 1 1 1 1 1 1 1 1 1 1 1 1 1 1 1 1 1 1 1
1 1 1 1 0 1 1 1 1 1 1 1 1 1 1 1 1 1 1 1 1 1 1 1 1 1 1 1 1 1 1 1
1 1 1 1 1 0 1 1 1 1 1 1 1 1 1 1 1 1 1 1 1 1 1 1 1 1 1 1 1 1 1 1
1 1 1 1 1 1 0 1 1 1 1 1 1 1 1 1 1 1 1 1 1 1 1 1 1 1 1 1 1 1 1 1
1 1 1 1 1 1 1 0 1 1 1 1 1 1 1 1 1 1 1 1 1 1 1 1 1 1 1 1 1 1 1 1
1 1 1 1 1 1 1 1 0 1 1 1 1 1 1 1 1 1 1 1 1 1 1 1 1 1 1 1 1 1 1 1
2 2 2 2 2 2 2 2 2 0 2 2 2 2 2 2 2 2 2 2 2 2 2 2 2 2 2 2 2 2 2 2
1 1 1 1 1 1 1 1 1 1 0 1 1 1 1 1 1 1 1 1 1 1 1 1 1 1 1 1 1 1 1 1
1 1 1 1 1 1 1 1 1 1 1 0 1 1 1 1 1 1 1 1 1 1 1 1 1 1 1 1 1 1 1 1
1 1 1 1 1 1 1 1 1 1 1 1 0 1 1 1 1 1 1 1 1 1 1 1 1 1 1 1 1 1 1 1
1 1 1 1 1 1 1 1 1 1 1 1 1 0 1 1 1 1 1 1 1 1 1 1 1 1 1 1 1 1 1 1
1 1 1 1 1 1 1 1 1 1 1 1 1 1 0 1 1 1 1 1 1 1 1 1 1 1 1 1 1 1 1 1
1 1 1 1 1 1 1 1 1 1 1 1 1 1 1 0 1 1 1 1 1 1 1 1 1 1 1 1 1 1 1 1
1 1 1 1 1 1 1 1 1 1 1 1 1 1 1 1 0 1 1 1 1 1 1 1 1 1 1 1 1 1 1 1
1 1 1 1 1 1 1 1 1 1 1 1 1 1 1 1 1 0 1 1 1 1 1 1 1 1 1 1 1 1 1 1
1 1 1 1 1 1 1 1 1 1 1 1 1 1 1 1 1 1 0 1 1 1 1 1 1 1 1 1 1 1 1 1
1 1 1 1 1 1 1 1 1 1 1 1 1 1 1 1 1 1 1 0 1 1 1 1 1 1 1 1 1 1 1 1
1 1 1 1 1 1 1 1 1 1 1 1 1 1 1 1 1 1 1 1 0 1 1 1 1 1 1 1 1 1 1 1
1 1 1 1 1 1 1 1 1 1 1 1 1 1 1 1 1 1 1 1 1 0 1 1 1 1 1 1 1 1 1 1
2 2 2 2 2 2 2 2 2 2 2 2 2 2 2 2 2 2 2 2 2 2 0 2 2 2 2 2 2 2 2 2
1 1 1 1 1 1 1 1 1 1 1 1 1 1 1 1 1 1 1 1 1 1 1 0 1 1 1 1 1 1 1 1
1 1 1 1 1 1 1 1 1 1 1 1 1 1 1 1 1 1 1 1 1 1 1 1 0 1 1 1 1 1 1 1
1 1 1 1 1 1 1 1 1 1 1 1 1 1 1 1 1 1 1 1 1 1 1 1 1 0 1 1 1 1 1 1
1 1 1 1 1 1 1 1 1 1 1 1 1 1 1 1 1 1 1 1 1 1 1 1 1 1 0 1 1 1 1 1
1 1 1 1 1 1 1 1 1 1 1 1 1 1 1 1 1 1 1 1 1 1 1 1 1 1 1 0 1 1 1 1
1 1 1 1 1 1 1 1 1 1 1 1 1 1 1 1 1 1 1 1 1 1 1 1 1 1 1 1 0 1 1 1
1 1 1 1 1 1 1 1 1 1 1 1 1 1 1 1 1 1 1 1 1 1 1 1 1 1 1 1 1 0 1 1
1 1 1 1 1 1 1 1 1 1 1 1 1 1 1 1 1 1 1 1 1 1 1 1 1 1 1 1 1 1 0 1
3 3 3 3 3 3 3 3 3 3 3 3 3 3 3 3 3 3 3 3 3 3 3 3 3 3 3 3 3 3 3 0
Time:
0	15
15	30
30	45
45	60
60	75
75	90
90	105
105	120
120	135
135	150
150	165
165	180
180	195
195	210
210	225
225	240
240	255
255	270
270	285
285	300
300	315
315	330
330	345
345	360
360	375
375	390
390	405
405	420
420	435
435	450
450	465
465	480
480	495
495	510
510	525
525	540
540	555
555	570
570	585
585	600
600	615
615	630
630	645
645	660
660	675
675	690
690	705
705	720
720	735
735	750
750	765
765	780
780	795
795	810
810	825
825	840
840	855
855	870
870	885
885	900
900	915
915	930
930	945
945	960
960	975
975	990
990	1005
1005	1020
1020	1035
1035	1050
1050	1065
1065	1080
1080	2000
Speed:
0.925	0.85	0.925	1	0.8325	0.765	0.8325	0.9	0.4625	0.425	0.4625	0.5	0.30525	0.2805	0.30525	0.33	0.37	0.34	0.37	0.4	0.555	0.51	0.555	0.6	0.6475	0.595	0.6475	0.7	0.37	0.34	0.37	0.4	0.30525	0.2805	0.30525	0.33	0.4625	0.425	0.4625	0.5	0.6475	0.595	0.6475	0.7	0.74	0.68	0.74	0.8	0.6475	0.595	0.6475	0.7	0.4625	0.425	0.4625	0.5	0.555	0.51	0.555	0.6	0.6475	0.595	0.6475	0.7	0.8325	0.765	0.8325	0.9	0.925	0.85	0.925	1	1
0.925	0.85	0.925	1	0.8325	0.765	0.8325	0.9	0.4625	0.425	0.4625	0.5	0.30525	0.2805	0.30525	0.33	0.37	0.34	0.37	0.4	0.555	0.51	0.555	0.6	0.6475	0.595	0.6475	0.7	0.37	0.34	0.37	0.4	0.30525	0.2805	0.30525	0.33	0.4625	0.425	0.4625	0.5	0.6475	0.595	0.6475	0.7	0.74	0.68	0.74	0.8	0.6475	0.595	0.6475	0.7	0.4625	0.425	0.4625	0.5	0.555	0.51	0.555	0.6	0.6475	0.595	0.6475	0.7	0.8325	0.765	0.8325	0.9	0.925	0.85	0.925	1	1
0.925	0.85	0.925	1	0.8325	0.765	0.8325	0.9	0.4625	0.425	0.4625	0.5	0.30525	0.2805	0.30525	0.33	0.37	0.34	0.37	0.4	0.555	0.51	0.555	0.6	0.6475	0.595	0.6475	0.7	0.37	0.34	0.37	0.4	0.30525	0.2805	0.30525	0.33	0.4625	0.425	0.4625	0.5	0.6475	0.595	0.6475	0.7	0.74	0.68	0.74	0.8	0.6475	0.595	0.6475	0.7	0.4625	0.425	0.4625	0.5	0.555	0.51	0.555	0.6	0.6475	0.595	0.6475	0.7	0.8325	0.765	0.8325	0.9	0.925	0.85	0.925	1	1
