31
0.00 66.68 60.38 75.03 72.62 84.86 67.37 77.36 57.90 81.50 71.08 69.40 63.64 71.96 80.34 80.41 72.07 83.51 55.68 59.55 60.71 64.33 80.30 69.28 59.06 62.57 85.90 67.18 89.69 59.28 71.55
66.68 0.00 9.68 8.35 8.36 19.59 9.77 11.77 8.79 15.01 4.48 7.91 11.77 5.31 13.68 20.34 5.46 22.79 11.06 7.13 6.30 10.22 19.39 4.95 7.63 16.21 20.11 9.92 23.60 7.41 13.23
60.38 9.68 0.00 16.51 12.41 28.82 12.26 21.15 7.55 23.53 12.66 17.11 4.89 13.58 21.79 29.96 13.54 32.47 7.31 7.21 8.93 10.16 29.05 14.53 7.33 8.13 29.09 12.16 32.27 7.47 22.27
75.03 8.35 16.51 0.00 6.51 12.65 8.29 5.93 17.14 7.02 11.92 9.83 16.46 12.08 5.40 17.00 11.77 18.56 19.37 15.48 14.50 11.00 15.75 7.39 15.98 20.64 12.66 8.47 15.76 15.76 13.69
72.62 8.36 12.41 6.51 0.00 18.78 10.29 12.44 15.82 12.62 5.41 14.11 10.87 5.57 10.55 23.41 5.26 25.07 17.44 14.30 14.19 11.61 22.20 10.90 14.77 14.67 18.48 10.41 21.04 14.64 18.93
84.86 19.59 28.82 12.65 18.78 0.00 17.98 7.84 27.73 6.37 16.19 15.48 29.10 15.30 8.52 9.98 15.38 9.30 30.25 26.16 24.60 21.04 8.84 15.81 26.61 33.26 12.23 18.15 5.46 26.35 14.74
67.37 9.77 12.26 8.29 10.29 17.98 0.00 10.17 9.76 14.15 5.29 5.02 14.65 5.77 13.19 17.72 6.04 20.30 12.28 8.19 6.69 12.13 16.84 10.81 8.64 19.09 18.73 10.08 22.40 8.38 10.34
77.36 11.77 21.15 5.93 12.44 7.84 10.17 0.00 19.93 5.08 8.71 8.48 21.89 7.89 5.56 11.17 8.05 12.63 22.43 18.35 16.84 13.25 9.90 8.09 18.81 26.21 8.57 10.35 12.33 18.55 10.00
57.90 8.79 7.55 17.14 15.82 27.73 9.76 19.93 0.00 23.68 13.23 13.28 12.30 14.09 22.45 26.34 14.22 29.19 14.86 11.84 15.08 6.69 25.68 11.95 12.27 15.61 28.48 9.58 32.11 12.01 17.63
81.50 15.01 23.53 7.02 12.62 6.37 14.15 5.08 23.68 0.00 10.96 13.42 23.24 10.02 10.64 14.06 10.02 14.51 26.05 22.04 20.79 17.17 12.74 12.42 22.52 27.25 5.86 14.34 8.74 22.29 14.97
71.08 4.48 12.66 11.92 5.41 16.19 5.29 8.71 13.23 10.96 0.00 8.70 13.20 9.80 9.42 18.90 9.95 20.92 15.40 11.57 10.76 7.45 17.77 5.51 12.07 17.56 16.43 5.44 19.68 11.87 13.60
69.40 7.91 17.11 9.83 14.11 15.48 5.02 8.48 13.28 13.42 8.70 0.00 19.67 8.67 13.23 13.14 8.99 15.93 15.87 11.96 10.05 7.12 12.42 12.40 12.31 24.10 16.66 5.07 20.54 12.04 5.32
63.64 11.77 4.89 16.46 10.87 29.10 14.65 21.89 12.30 23.24 13.20 19.67 0.00 14.00 21.27 31.80 13.85 34.02 12.20 11.70 13.13 13.38 30.76 16.66 11.92 4.46 29.05 14.61 31.82 12.00 24.99
71.96 5.31 13.58 12.08 5.57 15.30 5.77 7.89 14.09 10.02 9.80 8.67 14.00 0.00 8.49 18.28 10.78 20.22 16.29 12.43 11.55 8.16 17.12 5.62 12.93 18.34 15.51 5.94 18.75 12.72 13.37
80.34 13.68 21.79 5.40 10.55 8.52 13.19 5.56 22.45 10.64 9.42 13.23 21.27 8.49 0.00 15.71 8.44 16.41 24.74 20.80 19.70 16.11 14.39 11.73 21.29 25.22 7.97 13.39 10.57 21.06 15.52
80.41 20.34 29.96 17.00 23.41 9.98 17.72 11.17 26.34 14.06 18.90 13.14 31.80 18.28 15.71 0.00 18.52 19.28 28.92 25.08 23.13 20.23 17.89 15.43 25.42 36.25 11.89 17.83 14.90 25.14 9.10
72.07 5.46 13.54 11.77 5.26 15.38 6.04 8.05 14.22 10.02 9.95 8.99 13.85 10.78 8.44 18.52 0.00 20.43 16.40 12.57 11.73 8.37 17.36 5.94 13.07 18.17 15.55 6.20 18.75 12.86 13.68
83.51 22.79 32.47 18.56 25.07 9.30 20.30 12.63 29.19 14.51 20.92 15.93 34.02 20.22 16.41 19.28 20.43 0.00 31.78 27.89 25.96 22.94 18.14 17.97 28.24 38.44 11.10 20.42 13.48 27.96 12.16
55.68 11.06 7.31 19.37 17.44 30.25 12.28 22.43 14.86 26.05 15.40 15.87 12.20 16.29 24.74 28.92 16.40 31.78 0.00 14.38 5.83 9.23 28.27 14.50 14.64 14.89 30.96 12.10 34.56 14.55 20.17
59.55 7.13 7.21 15.48 14.30 26.16 8.19 18.35 11.84 22.04 11.57 11.96 11.70 12.43 20.80 25.08 12.57 27.89 14.38 0.00 13.43 5.15 24.38 10.43 10.73 15.34 26.88 8.01 30.50 10.46 16.54
60.71 6.30 8.93 14.50 14.19 24.60 6.69 16.84 15.08 20.79 10.76 10.05 13.13 11.55 19.70 23.13 11.73 25.96 5.83 13.43 0.00 14.07 22.45 8.79 13.92 17.00 25.41 6.51 29.10 13.71 14.52
64.33 10.22 10.16 11.00 11.61 21.04 12.13 13.25 6.69 17.17 7.45 7.12 13.38 8.16 16.11 20.23 8.37 22.94 9.23 5.15 14.07 0.00 19.44 5.28 5.58 17.66 21.81 12.19 25.48 5.32 12.13
80.30 19.39 29.05 15.75 22.20 8.84 16.84 9.90 25.68 12.74 17.77 12.42 30.76 17.12 14.39 17.89 17.36 18.14 28.27 24.38 22.45 19.44 0.00 14.53 24.73 35.20 10.75 16.96 13.91 24.45 8.79
69.28 4.95 14.53 7.39 10.90 15.81 10.81 8.09 11.95 12.42 5.51 12.40 16.66 5.62 11.73 15.43 5.94 17.97 14.50 10.43 8.79 5.28 14.53 0.00 10.86 21.12 16.66 10.96 20.41 10.59 8.50
59.06 7.63 7.33 15.98 14.77 26.61 8.64 18.81 12.27 22.52 12.07 12.31 11.92 12.93 21.29 25.42 13.07 28.24 14.64 10.73 13.92 5.58 24.73 10.86 0.00 15.46 27.34 8.46 30.97 10.90 16.82
62.57 16.21 8.13 20.64 14.67 33.26 19.09 26.21 15.61 27.25 17.56 24.10 4.46 18.34 25.22 36.25 18.17 38.44 14.89 15.34 17.00 17.66 35.20 21.12 15.46 0.00 33.10 19.04 35.70 15.60 29.42
85.90 20.11 29.09 12.66 18.48 12.23 18.73 8.57 28.48 5.86 16.43 16.66 29.05 15.51 7.97 11.89 15.55 11.10 30.96 26.88 25.41 21.81 10.75 16.66 27.34 33.10 0.00 18.91 14.60 27.09 16.36
67.18 9.92 12.16 8.47 10.41 18.15 10.08 10.35 9.58 14.34 5.44 5.07 14.61 5.94 13.39 17.83 6.20 20.42 12.10 8.01 6.51 12.19 16.96 10.96 8.46 19.04 18.91 0.00 22.59 8.20 10.38
89.69 23.60 32.27 15.76 21.04 5.46 22.40 12.33 32.11 8.74 19.68 20.54 31.82 18.75 10.57 14.90 18.75 13.48 34.56 30.50 29.10 25.48 13.91 20.41 30.97 35.70 14.60 22.59 0.00 30.72 20.18
59.28 7.41 7.47 15.76 14.64 26.35 8.38 18.55 12.01 22.29 11.87 12.04 12.00 12.72 21.06 25.14 12.86 27.96 14.55 10.46 13.71 5.32 24.45 10.59 10.90 15.60 27.09 8.20 30.72 0.00 16.55
71.55 13.23 22.27 13.69 18.93 14.74 10.34 10.00 17.63 14.97 13.60 5.32 24.99 13.37 15.52 9.10 13.68 12.16 20.17 16.54 14.52 12.13 8.79 8.50 16.82 29.42 16.36 10.38 20.18 16.55 0.00
0	0	1700	0	0	0
1	38	118	1	0	16
2	51	131	1	0	27
3	70	150	1	0	19
4	78	158	1	0	13
5	117	197	1	0	15
6	169	249	1	0	22
7	201	281	1	0	24
8	256	336	1	0	14
9	301	381	1	0	21
10	319	399	1	0	29
11	333	413	1	0	18
12	365	445	1	0	20
13	388	468	-1	4	0
14	412	492	-1	8	0
15	457	537	-1	5	0
16	512	592	-1	1	0
17	556	636	1	0	28
18	607	687	-1	11	0
19	627	707	-1	3	0
20	646	726	-1	12	0
21	666	746	-1	9	0
22	692	772	-1	6	0
23	718	798	1	0	26
24	734	814	-1	7	0
25	766	846	1	0	30
26	838	918	-1	23	0
27	873	953	-1	2	0
28	909	989	-1	17	0
29	953	1033	-1	10	0
30	972	1052	-1	25	0
C:
0 3 3 3 3 3 3 3 3 3 3 3 3 3 3 3 3 3 3 3 3 3 3 3 3 3 3 3 3 3 3 3
1 0 1 1 1 1 1 1 1 1 1 1 1 1 1 1 1 1 1 1 1 1 1 1 1 1 1 1 1 1 1 1
1 1 0 1 1 1 1 1 1 1 1 1 1 1 1 1 1 1 1 1 1 1 1 1 1 1 1 1 1 1 1 1
1 1 1 0 1 1 1 1 1 1 1 1 1 1 1 1 1 1 1 1 1 1 1 1 1 1 1 1 1 1 1 1
1 1 1 1 0 1 1 1 1 1 1 1 1 1 1 1 1 1 1 1 1 1 1 1 1 1 1 1 1 1 1 1
2 2 2 2 2 0 2 2 2 2 2 2 2 2 2 2 2 2 2 2 2 2 2 2 2 2 2 2 2 2 2 2
1 1 1 1 1 1 0 1 1 1 1 1 1 1 1 1 1 1 1 1 1 1 1 1 1 1 1 1 1 1 1 1
1 1 1 1 1 1 1 0 1 1 1 1 1 1 1 1 1 1 1 1 1 1 1 1 1 1 1 1 1 1 1 1
1 1 1 1 1 1 1 1 0 1 1 1 1 1 1 1 1 1 1 1 1 1 1 1 1 1 1 1 1 1 1 1
1 1 1 1 1 1 1 1 1 0 1 1 1 1 1 1 1 1 1 1 1 1 1 1 1 1 1 1 1 1 1 1
1 1 1 1 1 1 1 1 1 1 0 1 1 1 1 1 1 1 1 1 1 1 1 1 1 1 1 1 1 1 1 1
1 1 1 1 1 1 1 1 1 1 1 0 1 1 1 1 1 1 1 1 1 1 1 1 1 1 1 1 1 1 1 1
1 1 1 1 1 1 1 1 1 1 1 1 0 1 1 1 1 1 1 1 1 1 1 1 1 1 1 1 1 1 1 1
1 1 1 1 1 1 1 1 1 1 1 1 1 0 1 1 1 1 1 1 1 1 1 1 1 1 1 1 1 1 1 1
1 1 1 1 1 1 1 1 1 1 1 1 1 1 0 1 1 1 1 1 1 1 1 1 1 1 1 1 1 1 1 1
2 2 2 2 2 2 2 2 2 2 2 2 2 2 2 0 2 2 2 2 2 2 2 2 2 2 2 2 2 2 2 2
1 1 1 1 1 1 1 1 1 1 1 1 1 1 1 1 0 1 1 1 1 1 1 1 1 1 1 1 1 1 1 1
2 2 2 2 2 2 2 2 2 2 2 2 2 2 2 2 2 0 2 2 2 2 2 2 2 2 2 2 2 2 2 2
2 2 2 2 2 2 2 2 2 2 2 2 2 2 2 2 2 2 0 2 2 2 2 2 2 2 2 2 2 2 2 2
1 1 1 1 1 1 1 1 1 1 1 1 1 1 1 1 1 1 1 0 1 1 1 1 1 1 1 1 1 1 1 1
1 1 1 1 1 1 1 1 1 1 1 1 1 1 1 1 1 1 1 1 0 1 1 1 1 1 1 1 1 1 1 1
1 1 1 1 1 1 1 1 1 1 1 1 1 1 1 1 1 1 1 1 1 0 1 1 1 1 1 1 1 1 1 1
2 2 2 2 2 2 2 2 2 2 2 2 2 2 2 2 2 2 2 2 2 2 0 2 2 2 2 2 2 2 2 2
1 1 1 1 1 1 1 1 1 1 1 1 1 1 1 1 1 1 1 1 1 1 1 0 1 1 1 1 1 1 1 1
1 1 1 1 1 1 1 1 1 1 1 1 1 1 1 1 1 1 1 1 1 1 1 1 0 1 1 1 1 1 1 1
2 2 2 2 2 2 2 2 2 2 2 2 2 2 2 2 2 2 2 2 2 2 2 2 2 0 2 2 2 2 2 2
2 2 2 2 2 2 2 2 2 2 2 2 2 2 2 2 2 2 2 2 2 2 2 2 2 2 0 2 2 2 2 2
1 1 1 1 1 1 1 1 1 1 1 1 1 1 1 1 1 1 1 1 1 1 1 1 1 1 1 0 1 1 1 1
2 2 2 2 2 2 2 2 2 2 2 2 2 2 2 2 2 2 2 2 2 2 2 2 2 2 2 2 0 2 2 2
1 1 1 1 1 1 1 1 1 1 1 1 1 1 1 1 1 1 1 1 1 1 1 1 1 1 1 1 1 0 1 1
1 1 1 1 1 1 1 1 1 1 1 1 1 1 1 1 1 1 1 1 1 1 1 1 1 1 1 1 1 1 0 1
3 3 3 3 3 3 3 3 3 3 3 3 3 3 3 3 3 3 3 3 3 3 3 3 3 3 3 3 3 3 3 0
Time:
0	15
15	30
30	45
45	60
60	75
75	90
90	105
105	120
120	135
135	150
150	165
165	180
180	195
195	210
210	225
225	240
240	255
255	270
270	285
285	300
300	315
315	330
330	345
345	360
360	375
375	390
390	405
405	420
420	435
435	450
450	465
465	480
480	495
495	510
510	525
525	540
540	555
555	570
570	585
585	600
600	615
615	630
630	645
645	660
660	675
675	690
690	705
705	720
720	735
735	750
750	765
765	780
780	795
795	810
810	825
825	840
840	855
855	870
870	885
885	900
900	915
915	930
930	945
945	960
960	975
975	990
990	1005
1005	1020
1020	1035
1035	1050
1050	1065
1065	1080
1080	2000
Speed:
0.925	0.85	0.925	1	0.8325	0.765	0.8325	0.9	0.4625	0.425	0.4625	0.5	0.30525	0.2805	0.30525	0.33	0.37	0.34	0.37	0.4	0.555	0.51	0.555	0.6	0.6475	0.595	0.6475	0.7	0.37	0.34	0.37	0.4	0.30525	0.2805	0.30525	0.33	0.4625	0.425	0.4625	0.5	0.6475	0.595	0.6475	0.7	0.74	0.68	0.74	0.8	0.6475	0.595	0.6475	0.7	0.4625	0.425	0.4625	0.5	0.555	0.51	0.555	0.6	0.6475	0.595	0.6475	0.7	0.8325	0.765	0.8325	0.9	0.925	0.85	0.925	1	1
0.925	0.85	0.925	1	0.8325	0.765	0.8325	0.9	0.4625	0.425	0.4625	0.5	0.30525	0.2805	0.30525	0.33	0.37	0.34	0.37	0.4	0.555	0.51	0.555	0.6	0.6475	0.595	0.6475	0.7	0.37	0.34	0.37	0.4	0.30525	0.2805	0.30525	0.33	0.4625	0.425	0.4625	0.5	0.6475	0.595	0.6475	0.7	0.74	0.68	0.74	0.8	0.6475	0.595	0.6475	0.7	0.4625	0.425	0.4625	0.5	0.555	0.51	0.555	0.6	0.6475	0.595	0.6475	0.7	0.8325	0.765	0.8325	0.9	0.925	0.85	0.925	1	1
0.925	0.85	0.925	1	0.8325	0.765	0.8325	0.9	0.4625	0.425	0.4625	0.5	0.30525	0.2805	0.30525	0.33	0.37	0.34	0.37	0.4	0.555	0.51	0.555	0.6	0.6475	0.595	0.6475	0.7	0.37	0.34	0.37	0.4	0.30525	0.2805	0.30525	0.33	0.4625	0.425	0.4625	0.5	0.6475	0.595	0.6475	0.7	0.74	0.68	0.74	0.8	0.6475	0.595	0.6475	0.7	0.4625	0.425	0.4625	0.5	0.555	0.51	0.555	0.6	0.6475	0.595	0.6475	0.7	0.8325	0.765	0.8325	0.9	0.925	0.85	0.925	1	1
