31
0.00 92.30 57.65 105.95 74.56 79.66 85.24 58.50 60.07 55.64 57.26 78.40 74.33 74.27 59.20 91.00 76.64 83.93 53.43 73.79 53.56 81.18 69.41 71.14 85.91 49.32 94.00 61.46 93.36 74.52 67.84
92.30 0.00 34.66 14.33 20.94 21.67 8.71 34.12 41.12 37.01 52.49 27.85 24.78 28.48 33.20 4.92 16.50 26.19 45.35 33.08 38.75 28.43 26.74 26.03 8.19 44.30 10.63 30.89 16.97 20.81 25.18
57.65 34.66 0.00 48.35 19.48 25.56 28.03 4.53 21.10 5.18 31.65 27.58 22.01 24.72 10.14 33.46 19.64 32.23 19.66 27.73 4.17 30.73 15.47 18.62 28.69 12.42 37.07 10.43 37.79 19.32 10.88
105.95 14.33 48.35 0.00 35.16 30.17 22.85 48.19 55.27 51.07 66.42 35.16 38.62 41.95 46.76 14.97 30.82 31.45 59.66 46.24 52.50 34.47 38.17 40.17 22.26 58.50 13.77 44.52 18.66 35.04 38.20
74.56 20.94 19.48 35.16 0.00 26.56 12.31 16.74 20.18 19.36 31.74 32.02 5.37 9.88 18.99 22.46 5.85 34.07 24.60 14.80 22.64 34.43 22.61 5.16 12.90 25.28 28.33 16.84 32.36 10.50 16.31
79.66 21.67 25.56 30.17 26.56 0.00 22.32 27.96 42.38 30.22 54.31 6.37 31.93 36.42 23.61 17.31 21.06 7.62 43.57 41.28 29.36 8.01 10.54 30.59 22.57 37.92 16.43 22.26 13.83 26.27 15.23
85.24 8.71 28.03 22.85 12.31 22.32 0.00 26.74 32.45 29.61 43.79 28.66 16.10 19.94 26.84 11.21 8.61 28.68 36.86 24.67 31.92 30.14 23.73 17.34 16.89 36.52 17.55 24.47 22.87 12.20 20.11
58.50 34.12 4.53 48.19 16.74 27.96 26.74 0.00 16.71 9.71 27.62 30.74 18.43 20.71 5.74 33.56 18.14 35.04 15.94 23.42 6.06 33.84 18.54 14.96 27.41 10.54 37.80 5.90 39.28 16.62 12.75
60.07 41.12 21.10 55.27 20.18 42.38 32.45 16.71 0.00 16.39 12.03 46.26 16.98 15.11 22.45 42.47 25.30 49.89 6.67 13.74 20.48 49.22 34.33 15.10 33.02 14.72 48.07 22.20 51.30 20.33 27.70
55.64 37.01 5.18 51.07 19.36 30.22 29.61 9.71 16.39 0.00 26.53 32.61 20.62 22.49 6.98 36.42 21.01 37.12 14.49 24.74 4.36 35.74 20.44 17.14 30.28 7.84 40.58 7.96 41.89 19.26 15.12
57.26 52.49 31.65 66.42 31.74 54.31 43.79 27.62 12.03 26.53 0.00 57.96 27.80 24.78 33.26 54.18 37.11 61.78 12.22 21.44 29.98 60.98 45.89 26.58 44.32 21.83 59.92 33.43 63.30 31.92 39.43
78.40 27.85 27.58 35.16 32.02 6.37 28.66 30.74 46.26 32.61 57.96 0.00 37.33 41.77 25.67 23.32 26.79 5.53 46.66 46.52 30.93 14.38 12.20 35.66 28.92 39.94 21.46 24.84 17.31 31.73 18.56
74.33 24.78 22.01 38.62 5.37 31.93 16.10 18.43 16.98 20.62 27.80 37.33 0.00 4.51 21.95 26.95 11.14 39.44 22.39 9.45 24.49 39.77 27.52 10.53 16.60 25.17 33.05 20.08 37.41 5.66 20.94
74.27 28.48 24.72 41.95 9.88 36.42 19.94 20.71 15.11 22.49 24.78 41.77 4.51 0.00 24.95 31.00 15.63 43.94 21.26 4.97 26.64 44.24 31.71 6.59 20.37 25.78 37.20 23.31 41.75 10.16 25.00
59.20 33.20 10.14 46.76 18.99 23.61 26.84 5.74 22.45 6.98 33.26 25.67 21.95 24.95 0.00 31.83 18.60 30.30 21.38 28.23 5.96 28.82 13.55 18.65 27.49 14.36 35.29 11.65 35.90 18.80 9.02
91.00 4.92 33.46 14.97 22.46 17.31 11.21 33.56 42.47 36.42 54.18 23.32 26.95 31.00 31.83 0.00 17.21 21.36 46.12 35.81 37.62 23.71 23.64 27.61 10.91 44.00 6.38 29.62 12.29 22.27 23.24
76.64 16.50 19.64 30.82 5.85 21.06 8.61 18.14 25.30 21.01 37.11 26.79 11.14 15.63 18.60 17.21 0.00 28.46 28.99 20.58 23.42 29.02 18.56 10.76 9.27 27.97 22.81 16.24 26.56 5.59 13.23
83.93 26.19 32.23 31.45 34.07 7.62 28.68 35.04 49.89 37.12 61.78 5.53 39.44 43.94 30.30 21.36 28.46 0.00 50.83 48.83 35.79 15.63 16.77 38.19 28.82 44.65 18.14 29.21 12.94 33.78 22.45
53.43 45.35 19.66 59.66 24.60 43.57 36.86 15.94 6.67 14.49 12.22 46.66 22.39 21.26 21.38 46.12 28.99 50.83 0.00 20.36 17.77 49.75 34.47 19.89 37.47 9.86 51.30 21.85 53.83 24.69 28.39
73.79 33.08 27.73 46.24 14.80 41.28 24.67 23.42 13.74 24.74 21.44 46.52 9.45 4.97 28.23 35.81 20.58 48.83 20.36 0.00 29.06 49.06 36.14 10.94 25.06 26.63 42.05 26.85 46.69 15.08 29.33
53.56 38.75 4.17 52.50 22.64 29.36 31.92 6.06 20.48 4.36 29.98 30.93 24.49 26.64 5.96 37.62 23.42 35.79 17.77 29.06 0.00 34.09 19.04 21.01 32.58 9.19 41.23 8.01 41.85 22.51 14.99
81.18 28.43 30.73 34.47 34.43 8.01 30.14 33.84 49.22 35.74 60.98 14.38 39.77 44.24 28.82 23.71 29.02 15.63 49.75 49.06 34.09 0.00 15.32 38.26 30.34 43.10 21.00 27.95 16.08 34.13 21.55
69.41 26.74 15.47 38.17 22.61 10.54 23.73 18.54 34.33 20.44 45.89 12.20 27.52 31.71 13.55 23.64 18.56 16.77 34.47 36.14 19.04 15.32 0.00 25.23 24.23 27.89 25.07 12.64 23.96 22.32 6.90
71.14 26.03 18.62 40.17 5.16 30.59 17.34 14.96 15.10 17.14 26.58 35.66 10.53 6.59 18.65 27.61 10.76 38.19 19.89 10.94 21.01 38.26 25.23 0.00 17.91 21.88 33.45 16.87 37.31 5.34 18.46
85.91 8.19 28.69 22.26 12.90 22.57 16.89 27.41 33.02 30.28 44.32 28.92 16.60 20.37 27.49 10.91 9.27 28.82 37.47 25.06 32.58 30.34 24.23 17.91 0.00 37.18 17.27 25.12 22.71 12.80 20.70
49.32 44.30 12.42 58.50 25.28 37.92 36.52 10.54 14.72 7.84 21.83 39.94 25.17 25.78 14.36 44.00 27.97 44.65 9.86 26.63 9.19 43.10 27.89 21.88 37.18 0.00 48.34 15.72 49.73 25.25 22.93
94.00 10.63 37.07 13.77 28.33 16.43 17.55 37.80 48.07 40.58 59.92 21.46 33.05 37.20 35.29 6.38 22.81 18.14 51.30 42.05 41.23 21.00 25.07 33.45 17.27 48.34 0.00 33.25 6.59 28.12 26.33
61.46 30.89 10.43 44.52 16.84 22.26 24.47 5.90 22.20 7.96 33.43 24.84 20.08 23.31 11.65 29.62 16.24 29.21 21.85 26.85 8.01 27.95 12.64 16.87 25.12 15.72 33.25 0.00 34.13 16.64 7.23
93.36 16.97 37.79 18.66 32.36 13.83 22.87 39.28 51.30 41.89 63.30 17.31 37.41 41.75 35.90 12.29 26.56 12.94 53.83 46.69 41.85 16.08 23.96 37.31 22.71 49.73 6.59 34.13 0.00 32.11 26.92
74.52 20.81 19.32 35.04 10.50 26.27 12.20 16.62 20.33 19.26 31.92 31.73 5.66 10.16 18.80 22.27 5.59 33.78 24.69 15.08 22.51 34.13 22.32 5.34 12.80 25.25 28.12 16.64 32.11 0.00 16.03
67.84 25.18 10.88 38.20 16.31 15.23 20.11 12.75 27.70 15.12 39.43 18.56 20.94 25.00 9.02 23.24 13.23 22.45 28.39 29.33 14.99 21.55 6.90 18.46 20.70 22.93 26.33 7.23 26.92 16.03 0.00
0	0	1700	0	0	0
1	71	151	1	0	5
2	149	229	1	0	4
3	279	359	1	0	22
4	342	422	-1	2	0
5	383	463	-1	1	0
6	444	524	1	0	16
7	522	602	1	0	19
8	558	638	1	0	10
9	584	664	1	0	30
10	624	704	-1	8	0
11	708	788	1	0	26
12	784	864	1	0	28
13	793	873	1	0	23
14	845	925	1	0	17
15	897	977	1	0	21
16	924	1004	-1	6	0
17	959	1039	-1	14	0
18	1019	1099	1	0	27
19	1041	1121	-1	7	0
20	1074	1154	1	0	24
21	1112	1192	-1	15	0
22	1128	1208	-1	3	0
23	1153	1233	-1	13	0
24	1171	1251	-1	20	0
25	1212	1292	1	0	29
26	1266	1346	-1	11	0
27	1301	1381	-1	18	0
28	1335	1415	-1	12	0
29	1369	1449	-1	25	0
30	1385	1465	-1	9	0
C:
0 3 3 3 3 3 3 3 3 3 3 3 3 3 3 3 3 3 3 3 3 3 3 3 3 3 3 3 3 3 3 3
2 0 2 2 2 2 2 2 2 2 2 2 2 2 2 2 2 2 2 2 2 2 2 2 2 2 2 2 2 2 2 2
1 1 0 1 1 1 1 1 1 1 1 1 1 1 1 1 1 1 1 1 1 1 1 1 1 1 1 1 1 1 1 1
3 3 3 0 3 3 3 3 3 3 3 3 3 3 3 3 3 3 3 3 3 3 3 3 3 3 3 3 3 3 3 3
1 1 1 1 0 1 1 1 1 1 1 1 1 1 1 1 1 1 1 1 1 1 1 1 1 1 1 1 1 1 1 1
2 2 2 2 2 0 2 2 2 2 2 2 2 2 2 2 2 2 2 2 2 2 2 2 2 2 2 2 2 2 2 2
1 1 1 1 1 1 0 1 1 1 1 1 1 1 1 1 1 1 1 1 1 1 1 1 1 1 1 1 1 1 1 1
1 1 1 1 1 1 1 0 1 1 1 1 1 1 1 1 1 1 1 1 1 1 1 1 1 1 1 1 1 1 1 1
2 2 2 2 2 2 2 2 0 2 2 2 2 2 2 2 2 2 2 2 2 2 2 2 2 2 2 2 2 2 2 2
2 2 2 2 2 2 2 2 2 0 2 2 2 2 2 2 2 2 2 2 2 2 2 2 2 2 2 2 2 2 2 2
3 3 3 3 3 3 3 3 3 3 0 3 3 3 3 3 3 3 3 3 3 3 3 3 3 3 3 3 3 3 3 3
2 2 2 2 2 2 2 2 2 2 2 0 2 2 2 2 2 2 2 2 2 2 2 2 2 2 2 2 2 2 2 2
1 1 1 1 1 1 1 1 1 1 1 1 0 1 1 1 1 1 1 1 1 1 1 1 1 1 1 1 1 1 1 1
2 2 2 2 2 2 2 2 2 2 2 2 2 0 2 2 2 2 2 2 2 2 2 2 2 2 2 2 2 2 2 2
1 1 1 1 1 1 1 1 1 1 1 1 1 1 0 1 1 1 1 1 1 1 1 1 1 1 1 1 1 1 1 1
2 2 2 2 2 2 2 2 2 2 2 2 2 2 2 0 2 2 2 2 2 2 2 2 2 2 2 2 2 2 2 2
1 1 1 1 1 1 1 1 1 1 1 1 1 1 1 1 0 1 1 1 1 1 1 1 1 1 1 1 1 1 1 1
3 3 3 3 3 3 3 3 3 3 3 3 3 3 3 3 3 0 3 3 3 3 3 3 3 3 3 3 3 3 3 3
3 3 3 3 3 3 3 3 3 3 3 3 3 3 3 3 3 3 0 3 3 3 3 3 3 3 3 3 3 3 3 3
2 2 2 2 2 2 2 2 2 2 2 2 2 2 2 2 2 2 2 0 2 2 2 2 2 2 2 2 2 2 2 2
2 2 2 2 2 2 2 2 2 2 2 2 2 2 2 2 2 2 2 2 0 2 2 2 2 2 2 2 2 2 2 2
3 3 3 3 3 3 3 3 3 3 3 3 3 3 3 3 3 3 3 3 3 0 3 3 3 3 3 3 3 3 3 3
1 1 1 1 1 1 1 1 1 1 1 1 1 1 1 1 1 1 1 1 1 1 0 1 1 1 1 1 1 1 1 1
1 1 1 1 1 1 1 1 1 1 1 1 1 1 1 1 1 1 1 1 1 1 1 0 1 1 1 1 1 1 1 1
2 2 2 2 2 2 2 2 2 2 2 2 2 2 2 2 2 2 2 2 2 2 2 2 0 2 2 2 2 2 2 2
2 2 2 2 2 2 2 2 2 2 2 2 2 2 2 2 2 2 2 2 2 2 2 2 2 0 2 2 2 2 2 2
3 3 3 3 3 3 3 3 3 3 3 3 3 3 3 3 3 3 3 3 3 3 3 3 3 3 0 3 3 3 3 3
1 1 1 1 1 1 1 1 1 1 1 1 1 1 1 1 1 1 1 1 1 1 1 1 1 1 1 0 1 1 1 1
3 3 3 3 3 3 3 3 3 3 3 3 3 3 3 3 3 3 3 3 3 3 3 3 3 3 3 3 0 3 3 3
1 1 1 1 1 1 1 1 1 1 1 1 1 1 1 1 1 1 1 1 1 1 1 1 1 1 1 1 1 0 1 1
1 1 1 1 1 1 1 1 1 1 1 1 1 1 1 1 1 1 1 1 1 1 1 1 1 1 1 1 1 1 0 1
3 3 3 3 3 3 3 3 3 3 3 3 3 3 3 3 3 3 3 3 3 3 3 3 3 3 3 3 3 3 3 0
Time:
0	15
15	30
30	45
45	60
60	75
75	90
90	105
105	120
120	135
135	150
150	165
165	180
180	195
195	210
210	225
225	240
240	255
255	270
270	285
285	300
300	315
315	330
330	345
345	360
360	375
375	390
390	405
405	420
420	435
435	450
450	465
465	480
480	495
495	510
510	525
525	540
540	555
555	570
570	585
585	600
600	615
615	630
630	645
645	660
660	675
675	690
690	705
705	720
720	735
735	750
750	765
765	780
780	795
795	810
810	825
825	840
840	855
855	870
870	885
885	900
900	915
915	930
930	945
945	960
960	975
975	990
990	1005
1005	1020
1020	1035
1035	1050
1050	1065
1065	1080
1080	2000
Speed:
0.925	0.85	0.925	1	0.8325	0.765	0.8325	0.9	0.4625	0.425	0.4625	0.5	0.30525	0.2805	0.30525	0.33	0.37	0.34	0.37	0.4	0.555	0.51	0.555	0.6	0.6475	0.595	0.6475	0.7	0.37	0.34	0.37	0.4	0.30525	0.2805	0.30525	0.33	0.4625	0.425	0.4625	0.5	0.6475	0.595	0.6475	0.7	0.74	0.68	0.74	0.8	0.6475	0.595	0.6475	0.7	0.4625	0.425	0.4625	0.5	0.555	0.51	0.555	0.6	0.6475	0.595	0.6475	0.7	0.8325	0.765	0.8325	0.9	0.925	0.85	0.925	1	1
0.925	0.85	0.925	1	0.8325	0.765	0.8325	0.9	0.4625	0.425	0.4625	0.5	0.30525	0.2805	0.30525	0.33	0.37	0.34	0.37	0.4	0.555	0.51	0.555	0.6	0.6475	0.595	0.6475	0.7	0.37	0.34	0.37	0.4	0.30525	0.2805	0.30525	0.33	0.4625	0.425	0.4625	0.5	0.6475	0.595	0.6475	0.7	0.74	0.68	0.74	0.8	0.6475	0.595	0.6475	0.7	0.4625	0.425	0.4625	0.5	0.555	0.51	0.555	0.6	0.6475	0.595	0.6475	0.7	0.8325	0.765	0.8325	0.9	0.925	0.85	0.925	1	1
0.925	0.85	0.925	1	0.8325	0.765	0.8325	0.9	0.4625	0.425	0.4625	0.5	0.30525	0.2805	0.30525	0.33	0.37	0.34	0.37	0.4	0.555	0.51	0.555	0.6	0.6475	0.595	0.6475	0.7	0.37	0.34	0.37	0.4	0.30525	0.2805	0.30525	0.33	0.4625	0.425	0.4625	0.5	0.6475	0.595	0.6475	0.7	0.74	0.68	0.74	0.8	0.6475	0.595	0.6475	0.7	0.4625	0.425	0.4625	0.5	0.555	0.51	0.555	0.6	0.6475	0.595	0.6475	0.7	0.8325	0.765	0.8325	0.9	0.925	0.85	0.925	1	1
