41
0.00 84.12 66.84 86.50 59.16 81.16 75.11 67.31 63.59 72.07 57.35 79.14 72.32 70.72 57.27 81.62 80.11 69.16 80.02 63.30 70.03 63.69 69.60 64.53 86.70 59.47 74.62 68.31 85.20 70.82 63.60 55.16 72.56 65.72 80.36 71.08 55.29 69.26 55.75 80.72 72.39
84.12 0.00 17.57 7.89 25.44 5.23 11.51 18.96 27.26 14.27 28.33 10.48 14.56 13.43 27.53 5.19 4.30 14.96 8.55 27.59 14.18 30.45 14.89 21.93 10.49 25.31 11.18 16.92 9.52 13.47 20.80 34.21 13.28 18.67 17.95 21.99 29.59 15.39 32.25 11.76 14.70
66.84 17.57 0.00 22.03 7.87 14.34 8.92 4.99 13.62 6.49 11.03 16.70 7.18 4.44 9.97 14.81 14.00 13.12 16.41 13.85 5.33 17.66 9.73 6.42 19.87 7.76 11.33 9.78 19.21 10.79 10.94 17.98 6.39 9.88 23.11 13.55 12.03 9.78 15.68 14.82 7.42
86.50 7.89 22.03 0.00 29.58 12.91 18.32 24.73 33.65 20.59 33.05 7.64 21.08 17.58 31.73 12.96 8.63 18.65 6.49 33.97 17.31 37.16 19.72 27.50 10.82 29.62 11.93 22.29 4.97 18.09 24.96 39.77 19.47 22.99 12.13 29.21 33.75 20.39 37.59 7.65 21.28
59.16 25.44 7.87 29.58 0.00 22.03 16.00 8.67 11.65 13.03 12.86 23.56 13.40 12.17 11.49 22.48 21.81 10.93 23.61 11.69 12.30 15.37 10.58 6.66 27.64 8.48 18.17 9.17 27.03 11.98 4.67 12.00 13.42 6.78 28.80 15.78 4.19 10.16 9.50 22.59 13.53
81.16 5.23 14.34 12.91 22.03 0.00 6.74 14.65 22.39 9.75 24.45 13.38 9.87 10.90 24.02 10.42 5.80 12.61 11.62 22.73 12.39 25.42 11.59 17.65 5.69 21.79 11.82 13.01 8.10 10.52 17.57 29.73 8.93 15.46 21.44 16.80 26.05 11.90 27.92 6.53 9.95
75.11 11.51 8.92 18.32 16.00 6.74 0.00 8.02 15.76 10.70 17.98 16.14 11.36 7.23 17.84 7.07 9.79 8.76 14.87 16.09 9.44 18.98 6.47 11.01 12.37 15.65 12.29 6.84 14.05 6.28 11.91 23.00 10.69 9.96 24.09 10.95 19.82 6.44 21.22 10.78 11.56
67.31 18.96 4.99 24.73 8.67 14.65 8.02 0.00 9.22 4.93 10.02 20.49 5.03 8.04 10.21 15.02 16.19 8.12 19.84 9.50 9.75 13.13 5.54 11.26 20.33 8.17 15.36 9.55 21.15 7.11 5.95 15.25 5.74 5.19 27.49 8.66 12.07 4.79 13.31 17.13 5.08
63.59 27.26 13.62 33.65 11.65 22.39 15.76 9.22 0.00 13.10 9.22 29.71 12.71 17.24 11.45 22.67 25.03 17.14 29.03 14.68 18.81 16.73 14.75 7.23 27.82 10.94 24.56 11.92 29.72 16.33 12.70 8.53 14.20 13.30 36.63 7.58 12.06 14.00 7.94 26.00 12.56
72.07 14.27 6.49 20.59 13.03 9.75 10.70 4.93 13.10 0.00 14.89 17.41 9.31 6.35 14.82 10.11 11.96 7.46 16.41 13.43 8.61 16.58 4.62 7.92 15.42 12.65 12.87 9.65 16.63 5.22 9.18 20.01 9.62 7.41 25.05 9.45 16.77 4.26 18.17 12.94 9.58
57.35 28.33 11.03 33.05 12.86 24.45 17.98 10.02 9.22 14.89 0.00 27.36 15.04 15.47 13.27 24.86 24.97 14.46 27.28 9.15 15.96 12.39 13.51 7.18 30.13 12.84 21.95 11.47 30.16 15.07 8.18 7.89 15.54 10.06 32.85 15.04 12.41 12.95 5.39 25.82 15.09
79.14 10.48 16.70 7.64 23.56 13.38 16.14 20.49 29.71 17.41 27.36 0.00 18.12 12.53 25.69 13.70 7.58 13.05 10.97 29.99 11.45 33.56 14.99 22.87 14.52 23.73 5.41 17.81 8.98 13.38 19.19 34.66 16.26 17.47 8.13 26.80 27.62 15.74 32.32 6.95 18.39
72.32 14.56 7.18 21.08 13.40 9.87 11.36 5.03 12.71 9.31 15.04 18.12 0.00 7.20 15.12 10.20 12.46 8.30 17.08 13.04 9.47 16.08 5.44 7.96 15.49 12.99 13.67 4.52 17.02 6.08 9.73 19.87 8.78 8.05 25.82 8.69 17.04 5.05 18.10 13.45 9.24
70.72 13.43 4.44 17.58 12.17 10.90 7.23 8.04 17.24 6.35 15.47 12.53 7.20 0.00 14.31 11.39 9.64 9.87 12.07 17.51 9.77 21.17 10.96 10.34 16.11 12.13 7.32 5.33 14.87 9.76 7.49 22.33 5.50 5.43 19.47 15.46 16.36 10.61 20.07 10.43 7.51
57.27 27.53 9.97 31.73 11.49 24.02 17.84 10.21 11.45 14.82 13.27 25.69 15.12 14.31 0.00 24.46 23.94 13.09 25.76 11.42 14.46 14.86 12.65 7.79 29.65 11.47 20.31 11.06 29.16 14.09 6.81 10.36 15.29 8.90 30.79 16.52 14.90 12.19 7.88 24.73 15.21
81.62 5.19 14.81 12.96 22.48 10.42 7.07 15.02 22.67 10.11 24.86 13.70 10.20 11.39 24.46 0.00 6.12 13.11 11.91 23.01 12.89 25.64 12.05 18.02 5.30 22.23 12.26 13.44 8.10 11.01 18.03 30.07 9.33 15.92 21.73 16.96 26.49 12.36 28.28 6.80 10.27
80.11 4.30 14.00 8.63 21.81 5.80 9.79 16.19 25.03 11.96 24.97 7.58 12.46 9.64 23.94 6.12 0.00 11.04 5.83 25.35 10.08 28.53 11.46 19.03 8.05 21.75 6.98 13.84 5.22 9.90 17.13 31.35 10.83 15.04 15.65 20.73 25.99 12.07 29.25 9.72 12.66
69.16 14.96 13.12 18.65 10.93 12.61 8.76 8.12 17.14 7.46 14.46 13.05 8.30 9.87 13.09 13.11 11.04 0.00 12.84 17.39 10.46 21.15 12.07 10.02 17.76 10.97 7.67 5.48 16.24 9.63 6.31 21.61 6.78 4.44 19.50 16.12 15.11 11.72 19.29 11.76 8.60
80.02 8.55 16.41 6.49 23.61 11.62 14.87 19.84 29.03 16.41 27.28 10.97 17.08 12.07 25.76 11.91 5.83 12.84 0.00 29.32 11.33 32.79 14.45 22.37 12.59 23.73 5.56 17.21 7.12 12.81 19.11 34.38 15.25 17.27 9.82 25.70 27.74 15.18 32.09 5.12 17.33
63.30 27.59 13.85 33.97 11.69 22.73 16.09 9.50 14.68 13.43 9.15 29.99 13.04 17.51 11.42 23.01 25.35 17.39 29.32 0.00 19.05 17.05 15.02 7.45 28.17 10.98 24.83 12.19 30.05 16.61 12.86 8.22 14.52 13.51 36.88 7.89 11.98 14.27 7.69 26.32 12.90
70.03 14.18 5.33 17.31 12.30 12.39 9.44 9.75 18.81 8.61 15.96 11.45 9.47 9.77 14.46 12.89 10.08 10.46 11.33 19.05 0.00 22.81 4.40 11.69 17.25 12.40 6.04 7.08 15.21 11.22 7.78 23.22 7.78 6.03 17.83 17.58 16.46 5.10 20.87 10.71 9.77
63.69 30.45 17.66 37.16 15.37 25.42 18.98 13.13 16.73 16.58 12.39 33.56 16.08 21.17 14.86 25.64 28.53 21.15 32.79 17.05 22.81 0.00 18.67 11.30 30.63 14.68 28.49 15.84 33.03 20.22 16.75 8.88 17.72 17.37 40.61 9.15 15.09 17.92 9.43 29.52 15.89
69.60 14.89 9.73 19.72 10.58 11.59 6.47 5.54 14.75 4.62 13.51 14.99 5.44 10.96 12.65 12.05 11.46 12.07 14.45 15.02 4.40 18.67 0.00 7.92 17.11 10.42 9.82 9.96 16.64 9.84 6.01 20.06 11.28 10.43 21.97 13.19 14.71 8.88 17.87 12.33 5.73
64.53 21.93 6.42 27.50 6.66 17.65 11.01 11.26 7.23 7.92 7.18 22.87 7.96 10.34 7.79 18.02 19.03 10.02 22.37 7.45 11.69 11.30 7.92 0.00 23.33 6.04 17.59 5.22 24.05 9.57 5.71 12.33 8.73 6.07 29.51 9.22 9.48 7.20 10.33 19.96 7.98
86.70 10.49 19.87 10.82 27.64 5.69 12.37 20.33 27.82 15.42 30.13 14.52 15.49 16.11 29.65 5.30 8.05 17.76 12.59 28.17 17.25 30.63 17.11 23.33 0.00 27.42 15.03 18.68 6.12 15.90 23.12 35.35 14.62 20.98 21.81 21.73 31.69 17.48 33.58 8.09 15.55
59.47 25.31 7.76 29.62 8.48 21.79 15.65 8.17 10.94 12.65 12.84 23.73 12.99 12.13 11.47 22.23 21.75 10.97 23.73 10.98 12.40 14.68 10.42 6.04 27.42 0.00 18.33 8.85 26.97 11.87 4.66 11.55 13.09 6.70 29.13 15.11 4.29 9.96 9.06 22.55 13.10
74.62 11.18 11.33 11.93 18.17 11.82 12.29 15.36 24.56 12.87 21.95 5.41 13.67 7.32 20.31 12.26 6.98 7.67 5.56 24.83 6.04 28.49 9.82 17.59 15.03 18.33 0.00 12.65 11.10 8.29 13.77 29.27 11.78 12.07 12.23 22.32 22.26 10.57 26.91 7.07 13.95
68.31 16.92 9.78 22.29 9.17 13.01 6.84 9.55 11.92 9.65 11.47 17.81 4.52 5.33 11.06 13.44 13.84 5.48 17.21 12.19 7.08 15.84 9.96 5.22 18.68 8.85 12.65 0.00 18.92 4.43 5.21 17.51 4.26 9.62 24.78 10.80 13.07 9.57 15.41 14.76 4.72
85.20 9.52 19.21 4.97 27.03 8.10 14.05 21.15 29.72 16.63 30.16 8.98 17.02 14.87 29.16 8.10 5.22 16.24 7.12 30.05 15.21 33.03 16.64 24.05 6.12 26.97 11.10 18.92 0.00 15.11 22.36 36.38 15.58 20.26 15.76 24.74 31.22 17.22 34.33 4.50 17.18
70.82 13.47 10.79 18.09 11.98 10.52 6.28 7.11 16.33 5.22 15.07 13.38 6.08 9.76 14.09 11.01 9.90 9.63 12.81 16.61 11.22 20.22 9.84 9.57 15.90 11.87 8.29 4.43 15.11 0.00 7.33 21.70 4.40 5.20 20.49 14.34 16.15 9.48 19.50 10.75 6.38
63.60 20.80 10.94 24.96 4.67 17.57 11.91 5.95 12.70 9.18 8.18 19.19 9.73 7.49 6.81 18.03 17.13 6.31 19.11 12.86 7.78 16.75 6.01 5.71 23.12 4.66 13.77 5.21 22.36 7.33 0.00 15.62 9.32 10.75 24.97 14.43 8.86 5.68 13.21 17.92 9.92
55.16 34.21 17.98 39.77 12.00 29.73 23.00 15.25 8.53 20.01 7.89 34.66 19.87 22.33 10.36 30.07 31.35 21.61 34.38 8.22 23.22 8.88 20.06 12.33 35.35 11.55 29.27 17.51 36.38 21.70 15.62 0.00 20.95 17.19 40.56 16.11 9.38 19.38 13.28 32.27 19.80
72.56 13.28 6.39 19.47 13.42 8.93 10.69 5.74 14.20 9.62 15.54 16.26 8.78 5.50 15.29 9.33 10.83 6.78 15.25 14.52 7.78 17.72 11.28 8.73 14.62 13.09 11.78 4.26 15.58 4.40 9.32 20.95 0.00 7.40 23.93 10.58 17.29 10.53 19.04 11.81 8.98
65.72 18.67 9.88 22.99 6.78 15.46 9.96 5.19 13.30 7.41 10.06 17.47 8.05 5.43 8.90 15.92 15.04 4.44 17.27 13.51 6.03 17.37 10.43 6.07 20.98 6.70 12.07 9.62 20.26 5.20 10.75 17.19 7.40 0.00 23.64 13.85 10.96 9.98 14.85 15.85 8.27
80.36 17.95 23.11 12.13 28.80 21.44 24.09 27.49 36.63 25.05 32.85 8.13 25.82 19.47 30.79 21.73 15.65 19.50 9.82 36.88 17.83 40.61 21.97 29.51 21.81 29.13 12.23 24.78 15.76 20.49 24.97 40.56 23.93 23.64 0.00 34.50 32.51 22.72 38.11 14.93 26.10
71.08 21.99 13.55 29.21 15.78 16.80 10.95 8.66 7.58 9.45 15.04 26.80 8.69 15.46 16.52 16.96 20.73 16.12 25.70 7.89 17.58 9.15 13.19 9.22 21.73 15.11 22.32 10.80 24.74 14.34 14.43 16.11 10.58 13.85 34.50 0.00 17.81 12.53 15.34 21.72 8.42
55.29 29.59 12.03 33.75 4.19 26.05 19.82 12.07 12.06 16.77 12.41 27.62 17.04 16.36 14.90 26.49 25.99 15.11 27.74 11.98 16.46 15.09 14.71 9.48 31.69 4.29 22.26 13.07 31.22 16.15 8.86 9.38 17.29 10.96 32.51 17.81 0.00 14.25 7.02 26.78 17.12
69.26 15.39 9.78 20.39 10.16 11.90 6.44 4.79 14.00 4.26 12.95 15.74 5.05 10.61 12.19 12.36 12.07 11.72 15.18 14.27 5.10 17.92 8.88 7.20 17.48 9.96 10.57 9.57 17.22 9.48 5.68 19.38 10.53 9.98 22.72 12.53 14.25 0.00 17.21 12.95 5.32
55.75 32.25 15.68 37.59 9.50 27.92 21.22 13.31 7.94 18.17 5.39 32.32 18.10 20.07 7.88 28.28 29.25 19.29 32.09 7.69 20.87 9.43 17.87 10.33 33.58 9.06 26.91 15.41 34.33 19.50 13.21 13.28 19.04 14.85 38.11 15.34 7.02 17.21 0.00 30.15 18.07
80.72 11.76 14.82 7.65 22.59 6.53 10.78 17.13 26.00 12.94 25.82 6.95 13.45 10.43 24.73 6.80 9.72 11.76 5.12 26.32 10.71 29.52 12.33 19.96 8.09 22.55 7.07 14.76 4.50 10.75 17.92 32.27 11.81 15.85 14.93 21.72 26.78 12.95 30.15 0.00 13.66
72.39 14.70 7.42 21.28 13.53 9.95 11.56 5.08 12.56 9.58 15.09 18.39 9.24 7.51 15.21 10.27 12.66 8.60 17.33 12.90 9.77 15.89 5.73 7.98 15.55 13.10 13.95 4.72 17.18 6.38 9.92 19.80 8.98 8.27 26.10 8.42 17.12 5.32 18.07 13.66 0.00
0	0	1700	0	0	0
1	56	136	1	0	37
2	82	162	1	0	34
3	142	222	1	0	7
4	242	322	1	0	18
5	298	378	1	0	30
6	313	393	1	0	12
7	327	407	-1	3	0
8	342	422	1	0	31
9	363	443	1	0	26
10	388	468	1	0	11
11	467	547	-1	10	0
12	517	597	-1	6	0
13	534	614	1	0	39
14	563	643	1	0	32
15	602	682	1	0	24
16	611	691	1	0	40
17	626	706	1	0	20
18	644	724	-1	4	0
19	684	764	1	0	22
20	722	802	-1	17	0
21	776	856	1	0	27
22	816	896	-1	19	0
23	835	915	1	0	29
24	883	963	-1	15	0
25	928	1008	1	0	36
26	957	1037	-1	9	0
27	975	1055	-1	21	0
28	1001	1081	1	0	38
29	1020	1100	-1	23	0
30	1029	1109	-1	5	0
31	1049	1129	-1	8	0
32	1072	1152	-1	14	0
33	1081	1161	1	0	35
34	1111	1191	-1	2	0
35	1149	1229	-1	33	0
36	1172	1252	-1	25	0
37	1187	1267	-1	1	0
38	1209	1289	-1	28	0
39	1242	1322	-1	13	0
40	1260	1340	-1	16	0
C:
0 3 3 3 3 3 3 3 3 3 3 3 3 3 3 3 3 3 3 3 3 3 3 3 3 3 3 3 3 3 3 3 3 3 3 3 3 3 3 3 3 3
1 0 1 1 1 1 1 1 1 1 1 1 1 1 1 1 1 1 1 1 1 1 1 1 1 1 1 1 1 1 1 1 1 1 1 1 1 1 1 1 1 1
1 1 0 1 1 1 1 1 1 1 1 1 1 1 1 1 1 1 1 1 1 1 1 1 1 1 1 1 1 1 1 1 1 1 1 1 1 1 1 1 1 1
2 2 2 0 2 2 2 2 2 2 2 2 2 2 2 2 2 2 2 2 2 2 2 2 2 2 2 2 2 2 2 2 2 2 2 2 2 2 2 2 2 2
1 1 1 1 0 1 1 1 1 1 1 1 1 1 1 1 1 1 1 1 1 1 1 1 1 1 1 1 1 1 1 1 1 1 1 1 1 1 1 1 1 1
1 1 1 1 1 0 1 1 1 1 1 1 1 1 1 1 1 1 1 1 1 1 1 1 1 1 1 1 1 1 1 1 1 1 1 1 1 1 1 1 1 1
1 1 1 1 1 1 0 1 1 1 1 1 1 1 1 1 1 1 1 1 1 1 1 1 1 1 1 1 1 1 1 1 1 1 1 1 1 1 1 1 1 1
1 1 1 1 1 1 1 0 1 1 1 1 1 1 1 1 1 1 1 1 1 1 1 1 1 1 1 1 1 1 1 1 1 1 1 1 1 1 1 1 1 1
1 1 1 1 1 1 1 1 0 1 1 1 1 1 1 1 1 1 1 1 1 1 1 1 1 1 1 1 1 1 1 1 1 1 1 1 1 1 1 1 1 1
1 1 1 1 1 1 1 1 1 0 1 1 1 1 1 1 1 1 1 1 1 1 1 1 1 1 1 1 1 1 1 1 1 1 1 1 1 1 1 1 1 1
1 1 1 1 1 1 1 1 1 1 0 1 1 1 1 1 1 1 1 1 1 1 1 1 1 1 1 1 1 1 1 1 1 1 1 1 1 1 1 1 1 1
2 2 2 2 2 2 2 2 2 2 2 0 2 2 2 2 2 2 2 2 2 2 2 2 2 2 2 2 2 2 2 2 2 2 2 2 2 2 2 2 2 2
1 1 1 1 1 1 1 1 1 1 1 1 0 1 1 1 1 1 1 1 1 1 1 1 1 1 1 1 1 1 1 1 1 1 1 1 1 1 1 1 1 1
1 1 1 1 1 1 1 1 1 1 1 1 1 0 1 1 1 1 1 1 1 1 1 1 1 1 1 1 1 1 1 1 1 1 1 1 1 1 1 1 1 1
1 1 1 1 1 1 1 1 1 1 1 1 1 1 0 1 1 1 1 1 1 1 1 1 1 1 1 1 1 1 1 1 1 1 1 1 1 1 1 1 1 1
1 1 1 1 1 1 1 1 1 1 1 1 1 1 1 0 1 1 1 1 1 1 1 1 1 1 1 1 1 1 1 1 1 1 1 1 1 1 1 1 1 1
1 1 1 1 1 1 1 1 1 1 1 1 1 1 1 1 0 1 1 1 1 1 1 1 1 1 1 1 1 1 1 1 1 1 1 1 1 1 1 1 1 1
1 1 1 1 1 1 1 1 1 1 1 1 1 1 1 1 1 0 1 1 1 1 1 1 1 1 1 1 1 1 1 1 1 1 1 1 1 1 1 1 1 1
2 2 2 2 2 2 2 2 2 2 2 2 2 2 2 2 2 2 0 2 2 2 2 2 2 2 2 2 2 2 2 2 2 2 2 2 2 2 2 2 2 2
1 1 1 1 1 1 1 1 1 1 1 1 1 1 1 1 1 1 1 0 1 1 1 1 1 1 1 1 1 1 1 1 1 1 1 1 1 1 1 1 1 1
1 1 1 1 1 1 1 1 1 1 1 1 1 1 1 1 1 1 1 1 0 1 1 1 1 1 1 1 1 1 1 1 1 1 1 1 1 1 1 1 1 1
2 2 2 2 2 2 2 2 2 2 2 2 2 2 2 2 2 2 2 2 2 0 2 2 2 2 2 2 2 2 2 2 2 2 2 2 2 2 2 2 2 2
1 1 1 1 1 1 1 1 1 1 1 1 1 1 1 1 1 1 1 1 1 1 0 1 1 1 1 1 1 1 1 1 1 1 1 1 1 1 1 1 1 1
1 1 1 1 1 1 1 1 1 1 1 1 1 1 1 1 1 1 1 1 1 1 1 0 1 1 1 1 1 1 1 1 1 1 1 1 1 1 1 1 1 1
2 2 2 2 2 2 2 2 2 2 2 2 2 2 2 2 2 2 2 2 2 2 2 2 0 2 2 2 2 2 2 2 2 2 2 2 2 2 2 2 2 2
1 1 1 1 1 1 1 1 1 1 1 1 1 1 1 1 1 1 1 1 1 1 1 1 1 0 1 1 1 1 1 1 1 1 1 1 1 1 1 1 1 1
1 1 1 1 1 1 1 1 1 1 1 1 1 1 1 1 1 1 1 1 1 1 1 1 1 1 0 1 1 1 1 1 1 1 1 1 1 1 1 1 1 1
1 1 1 1 1 1 1 1 1 1 1 1 1 1 1 1 1 1 1 1 1 1 1 1 1 1 1 0 1 1 1 1 1 1 1 1 1 1 1 1 1 1
2 2 2 2 2 2 2 2 2 2 2 2 2 2 2 2 2 2 2 2 2 2 2 2 2 2 2 2 0 2 2 2 2 2 2 2 2 2 2 2 2 2
1 1 1 1 1 1 1 1 1 1 1 1 1 1 1 1 1 1 1 1 1 1 1 1 1 1 1 1 1 0 1 1 1 1 1 1 1 1 1 1 1 1
1 1 1 1 1 1 1 1 1 1 1 1 1 1 1 1 1 1 1 1 1 1 1 1 1 1 1 1 1 1 0 1 1 1 1 1 1 1 1 1 1 1
2 2 2 2 2 2 2 2 2 2 2 2 2 2 2 2 2 2 2 2 2 2 2 2 2 2 2 2 2 2 2 0 2 2 2 2 2 2 2 2 2 2
1 1 1 1 1 1 1 1 1 1 1 1 1 1 1 1 1 1 1 1 1 1 1 1 1 1 1 1 1 1 1 1 0 1 1 1 1 1 1 1 1 1
1 1 1 1 1 1 1 1 1 1 1 1 1 1 1 1 1 1 1 1 1 1 1 1 1 1 1 1 1 1 1 1 1 0 1 1 1 1 1 1 1 1
2 2 2 2 2 2 2 2 2 2 2 2 2 2 2 2 2 2 2 2 2 2 2 2 2 2 2 2 2 2 2 2 2 2 0 2 2 2 2 2 2 2
1 1 1 1 1 1 1 1 1 1 1 1 1 1 1 1 1 1 1 1 1 1 1 1 1 1 1 1 1 1 1 1 1 1 1 0 1 1 1 1 1 1
2 2 2 2 2 2 2 2 2 2 2 2 2 2 2 2 2 2 2 2 2 2 2 2 2 2 2 2 2 2 2 2 2 2 2 2 0 2 2 2 2 2
1 1 1 1 1 1 1 1 1 1 1 1 1 1 1 1 1 1 1 1 1 1 1 1 1 1 1 1 1 1 1 1 1 1 1 1 1 0 1 1 1 1
2 2 2 2 2 2 2 2 2 2 2 2 2 2 2 2 2 2 2 2 2 2 2 2 2 2 2 2 2 2 2 2 2 2 2 2 2 2 0 2 2 2
1 1 1 1 1 1 1 1 1 1 1 1 1 1 1 1 1 1 1 1 1 1 1 1 1 1 1 1 1 1 1 1 1 1 1 1 1 1 1 0 1 1
1 1 1 1 1 1 1 1 1 1 1 1 1 1 1 1 1 1 1 1 1 1 1 1 1 1 1 1 1 1 1 1 1 1 1 1 1 1 1 1 0 1
3 3 3 3 3 3 3 3 3 3 3 3 3 3 3 3 3 3 3 3 3 3 3 3 3 3 3 3 3 3 3 3 3 3 3 3 3 3 3 3 3 0
Time:
0	15
15	30
30	45
45	60
60	75
75	90
90	105
105	120
120	135
135	150
150	165
165	180
180	195
195	210
210	225
225	240
240	255
255	270
270	285
285	300
300	315
315	330
330	345
345	360
360	375
375	390
390	405
405	420
420	435
435	450
450	465
465	480
480	495
495	510
510	525
525	540
540	555
555	570
570	585
585	600
600	615
615	630
630	645
645	660
660	675
675	690
690	705
705	720
720	735
735	750
750	765
765	780
780	795
795	810
810	825
825	840
840	855
855	870
870	885
885	900
900	915
915	930
930	945
945	960
960	975
975	990
990	1005
1005	1020
1020	1035
1035	1050
1050	1065
1065	1080
1080	2000
Speed:
0.925	0.85	0.925	1	0.8325	0.765	0.8325	0.9	0.4625	0.425	0.4625	0.5	0.30525	0.2805	0.30525	0.33	0.37	0.34	0.37	0.4	0.555	0.51	0.555	0.6	0.6475	0.595	0.6475	0.7	0.37	0.34	0.37	0.4	0.30525	0.2805	0.30525	0.33	0.4625	0.425	0.4625	0.5	0.6475	0.595	0.6475	0.7	0.74	0.68	0.74	0.8	0.6475	0.595	0.6475	0.7	0.4625	0.425	0.4625	0.5	0.555	0.51	0.555	0.6	0.6475	0.595	0.6475	0.7	0.8325	0.765	0.8325	0.9	0.925	0.85	0.925	1	1
0.925	0.85	0.925	1	0.8325	0.765	0.8325	0.9	0.4625	0.425	0.4625	0.5	0.30525	0.2805	0.30525	0.33	0.37	0.34	0.37	0.4	0.555	0.51	0.555	0.6	0.6475	0.595	0.6475	0.7	0.37	0.34	0.37	0.4	0.30525	0.2805	0.30525	0.33	0.4625	0.425	0.4625	0.5	0.6475	0.595	0.6475	0.7	0.74	0.68	0.74	0.8	0.6475	0.595	0.6475	0.7	0.4625	0.425	0.4625	0.5	0.555	0.51	0.555	0.6	0.6475	0.595	0.6475	0.7	0.8325	0.765	0.8325	0.9	0.925	0.85	0.925	1	1
0.925	0.85	0.925	1	0.8325	0.765	0.8325	0.9	0.4625	0.425	0.4625	0.5	0.30525	0.2805	0.30525	0.33	0.37	0.34	0.37	0.4	0.555	0.51	0.555	0.6	0.6475	0.595	0.6475	0.7	0.37	0.34	0.37	0.4	0.30525	0.2805	0.30525	0.33	0.4625	0.425	0.4625	0.5	0.6475	0.595	0.6475	0.7	0.74	0.68	0.74	0.8	0.6475	0.595	0.6475	0.7	0.4625	0.425	0.4625	0.5	0.555	0.51	0.555	0.6	0.6475	0.595	0.6475	0.7	0.8325	0.765	0.8325	0.9	0.925	0.85	0.925	1	1
