41
0.00 65.03 66.64 70.27 70.96 69.33 66.81 72.26 70.65 86.82 71.28 71.93 68.07 79.03 70.38 69.26 78.02 73.72 59.45 55.15 70.21 81.20 75.43 63.01 53.28 72.40 78.57 69.81 65.93 69.39 71.04 69.31 72.01 72.64 71.74 64.57 91.57 60.70 75.23 73.17 84.17
65.03 0.00 13.79 15.26 5.95 9.67 9.18 8.82 12.74 29.54 6.29 8.12 7.12 14.94 12.35 10.66 24.74 11.91 7.10 17.35 12.09 21.80 12.19 7.37 11.95 7.47 26.22 7.27 6.77 5.90 6.16 12.60 13.59 7.62 6.93 7.04 29.38 4.97 11.92 12.67 22.09
66.64 13.79 0.00 28.82 15.43 22.99 4.78 20.30 26.05 41.06 14.39 19.44 20.52 23.82 25.68 24.08 37.79 23.83 18.93 11.64 25.43 33.30 22.88 20.92 16.79 16.71 39.32 19.94 20.54 18.35 16.26 26.15 26.64 15.24 13.59 20.80 38.15 12.31 22.61 25.13 31.89
70.27 15.26 28.82 0.00 14.47 5.89 24.05 10.09 12.44 17.08 15.78 10.77 8.29 13.59 12.40 4.75 9.95 7.64 14.18 31.69 12.36 10.96 10.25 9.92 22.83 14.01 11.28 9.19 8.65 10.73 13.62 10.51 11.85 15.80 16.94 9.03 21.66 18.95 10.30 5.89 14.72
70.96 5.95 15.43 14.47 0.00 8.69 10.75 4.92 11.43 25.73 11.03 11.40 6.85 9.44 11.12 9.85 22.58 8.44 12.23 22.05 10.91 17.93 7.56 10.54 17.89 10.51 24.13 5.33 8.23 11.86 9.84 11.98 11.70 10.74 12.09 9.36 24.14 10.70 7.28 9.87 17.16
69.33 9.67 22.99 5.89 8.69 0.00 18.21 4.90 9.27 20.47 10.00 5.37 9.40 10.55 9.22 9.36 15.07 4.47 10.57 26.70 9.19 13.06 6.71 6.43 18.97 8.44 16.55 9.17 9.38 4.84 7.87 10.57 8.68 10.18 11.18 4.95 22.41 13.88 6.60 9.88 14.92
66.81 9.18 4.78 24.05 10.75 18.21 0.00 15.57 21.27 36.46 9.79 14.72 15.76 19.51 20.90 19.32 33.01 19.10 14.98 13.20 20.65 28.67 18.28 16.47 14.76 12.11 34.54 15.16 15.87 13.57 11.56 21.39 21.86 10.77 9.12 16.22 34.06 8.73 18.00 20.37 27.53
72.26 8.82 20.30 10.09 4.92 4.90 15.57 0.00 7.00 21.07 6.11 9.04 4.50 6.77 6.76 5.93 17.68 9.37 12.81 26.05 6.60 13.26 9.35 9.58 20.19 11.52 19.23 10.24 6.64 9.75 10.63 7.87 7.00 5.83 7.17 8.05 20.64 13.74 9.41 4.98 13.29
70.65 12.74 26.05 12.44 11.43 9.27 21.27 7.00 0.00 17.88 12.73 7.68 5.63 11.03 9.56 9.70 12.01 4.80 12.88 29.65 9.53 10.83 7.45 8.57 21.48 10.92 13.47 6.21 6.54 7.78 10.57 10.90 9.02 12.72 13.89 7.32 20.92 16.83 7.46 11.60 13.60
86.82 29.54 41.06 17.08 25.73 20.47 36.46 21.07 17.88 0.00 26.69 21.90 22.82 17.78 18.26 19.89 9.15 17.68 30.76 46.89 18.50 7.81 18.19 26.43 39.35 24.36 9.19 22.27 24.28 23.69 24.94 18.84 16.63 25.85 27.48 25.19 10.31 34.19 18.46 16.91 10.34
71.28 6.29 14.39 15.78 11.03 10.00 9.79 6.11 12.73 26.69 0.00 5.27 8.13 9.96 12.43 11.16 23.79 9.60 12.96 21.55 12.22 18.91 8.50 11.60 18.08 9.45 25.34 6.64 9.41 5.26 11.15 13.29 12.97 10.33 11.63 10.49 24.67 10.75 8.23 11.09 17.85
71.93 8.12 19.44 10.77 11.40 5.37 14.72 9.04 7.68 21.90 5.27 0.00 4.54 7.14 7.42 6.46 18.53 4.39 12.49 25.28 7.25 14.09 10.18 9.49 19.65 11.56 20.08 9.09 6.60 10.21 10.67 8.47 7.77 5.06 6.35 7.99 21.27 13.07 10.24 5.82 13.97
68.07 7.12 20.52 8.29 6.85 9.40 15.76 4.50 5.63 22.82 8.13 4.54 0.00 11.10 5.24 10.43 17.62 5.84 8.78 24.20 4.98 15.26 7.38 5.14 16.85 7.02 19.10 10.54 10.86 11.21 6.13 5.63 6.49 8.59 9.31 11.66 24.08 11.40 7.19 5.98 16.58
79.03 14.94 23.82 13.59 9.44 10.55 19.51 6.77 11.03 17.78 9.96 7.14 11.10 0.00 11.03 11.16 17.56 6.31 19.58 31.47 11.02 10.53 12.18 16.24 26.72 7.83 19.05 9.23 13.27 9.69 8.93 12.38 10.17 8.79 10.42 14.68 14.71 19.89 12.24 7.82 8.07
70.38 12.35 25.68 12.40 11.12 9.22 20.90 6.76 9.56 18.26 12.43 7.42 5.24 11.03 0.00 9.65 12.41 4.76 12.51 29.25 9.48 11.17 7.39 8.19 21.10 10.66 13.87 5.87 6.14 7.43 10.27 10.85 8.97 12.45 13.59 6.94 21.19 16.43 7.38 11.21 13.84
69.26 10.66 24.08 4.75 9.85 9.36 19.32 5.93 9.70 19.89 11.16 6.46 10.43 11.16 9.65 0.00 14.12 4.90 10.93 27.52 9.62 12.65 7.35 6.66 19.47 9.58 15.58 4.53 4.43 6.01 9.03 10.48 9.11 11.33 12.34 5.31 22.36 14.70 7.28 9.95 14.91
78.02 24.74 37.79 9.95 22.58 15.07 33.01 17.68 12.01 9.15 23.79 18.53 17.62 17.56 12.41 14.12 0.00 14.22 24.10 41.57 12.67 8.20 15.98 19.86 32.74 21.62 17.64 17.86 18.42 19.45 21.71 12.39 11.20 23.38 24.83 18.94 17.61 28.77 16.19 12.72 13.43
73.72 11.91 23.83 7.64 8.44 4.47 19.10 9.37 4.80 17.68 9.60 4.39 5.84 6.31 4.76 4.90 14.22 0.00 14.61 29.26 4.72 9.90 10.36 10.72 22.63 7.40 15.78 4.70 7.86 6.02 7.58 6.10 4.21 9.16 10.62 9.17 18.24 16.70 10.14 10.12 10.74
59.45 7.10 18.93 14.18 12.23 10.57 14.98 12.81 12.88 30.76 12.96 12.49 8.78 19.58 12.51 10.93 24.10 14.61 0.00 18.17 12.27 23.57 16.04 4.33 8.67 13.40 25.38 10.39 6.78 9.97 12.06 11.98 14.16 14.13 13.81 5.63 32.84 6.68 15.82 14.48 25.34
55.15 17.35 11.64 31.69 22.05 26.70 13.20 26.05 29.65 46.89 21.55 25.28 24.20 31.47 29.25 27.52 41.57 29.26 18.17 0.00 28.98 39.16 29.31 21.96 11.05 23.65 42.96 24.62 23.15 23.24 22.64 29.18 30.67 22.82 21.30 22.67 46.18 12.82 29.03 29.99 39.14
70.21 12.09 25.43 12.36 10.91 9.19 20.65 6.60 9.53 18.50 12.22 7.25 4.98 11.02 9.48 9.62 12.67 4.72 12.27 28.98 0.00 11.39 7.35 7.96 20.85 10.47 14.13 5.65 5.88 7.20 10.06 10.61 8.94 12.26 13.38 6.69 21.35 16.16 7.33 10.95 13.99
81.20 21.80 33.30 10.96 17.93 13.06 28.67 13.26 10.83 7.81 18.91 14.09 15.26 10.53 11.17 12.65 8.20 9.90 23.57 39.16 11.39 0.00 10.42 19.31 32.02 16.59 9.44 14.54 16.90 15.92 17.14 12.03 9.49 18.12 19.74 17.94 10.88 26.52 10.68 9.29 5.25
75.43 12.19 22.88 10.25 7.56 6.71 18.28 9.35 7.45 18.19 8.50 10.18 7.38 12.18 7.39 7.35 15.98 10.36 16.04 29.31 7.35 10.42 0.00 12.50 23.59 6.17 17.54 5.66 9.54 6.46 6.81 8.73 6.81 7.73 9.33 10.93 17.23 17.14 8.79 4.37 9.90
63.01 7.37 20.92 9.92 10.54 6.43 16.47 9.58 8.57 26.43 11.60 9.49 5.14 16.24 8.19 6.66 19.86 10.72 4.33 21.96 7.96 19.31 12.50 0.00 12.98 11.28 21.18 7.08 11.09 7.23 10.08 7.66 9.85 12.48 12.66 9.96 28.83 9.52 12.32 10.36 21.34
53.28 11.95 16.79 22.83 17.89 18.97 14.76 20.19 21.48 39.35 18.08 19.65 16.85 26.72 21.10 19.47 32.74 22.63 8.67 11.05 20.85 32.02 23.59 12.98 0.00 19.42 33.99 18.05 15.13 17.15 18.10 20.64 22.72 19.45 18.47 14.16 40.77 7.41 23.34 22.79 33.31
72.40 7.47 16.71 14.01 10.51 8.44 12.11 11.52 10.92 24.36 9.45 11.56 7.02 7.83 10.66 9.58 21.62 7.40 13.40 23.65 10.47 16.59 6.17 11.28 19.42 0.00 23.18 5.19 8.71 4.19 9.70 11.65 11.01 9.89 10.63 9.97 22.53 12.29 5.90 8.98 15.60
78.57 26.22 39.32 11.28 24.13 16.55 34.54 19.23 13.47 9.19 25.34 20.08 19.10 19.05 13.87 15.58 17.64 15.78 25.38 42.96 14.13 9.44 17.54 21.18 33.99 23.18 0.00 19.38 19.84 20.97 23.26 13.79 12.71 24.94 26.39 20.31 18.28 30.18 17.74 14.27 14.60
69.81 7.27 19.94 9.19 5.33 9.17 15.16 10.24 6.21 22.27 6.64 9.09 10.54 9.23 5.87 4.53 17.86 4.70 10.39 24.62 5.65 14.54 5.66 7.08 18.05 5.19 19.38 0.00 8.96 9.38 4.51 6.66 6.70 6.87 7.82 5.55 22.72 12.00 5.44 5.42 15.27
65.93 6.77 20.54 8.65 8.23 9.38 15.87 6.64 6.54 24.28 9.41 6.60 10.86 13.27 6.14 4.43 18.42 7.86 6.78 23.15 5.88 16.90 9.54 11.09 15.13 8.71 19.84 8.96 0.00 4.53 7.63 6.05 7.67 10.10 10.56 9.74 26.07 10.35 9.35 7.71 18.57
69.39 5.90 18.35 10.73 11.86 4.84 13.57 9.75 7.78 23.69 5.26 10.21 11.21 9.69 7.43 6.01 19.45 6.02 9.97 23.24 7.20 15.92 6.46 7.23 17.15 4.19 20.97 9.38 4.53 0.00 12.06 8.15 8.29 5.69 6.44 5.84 23.68 10.76 6.20 6.94 16.30
71.04 6.16 16.26 13.62 9.84 7.87 11.56 10.63 10.57 24.94 11.15 10.67 6.13 8.93 10.27 9.03 21.71 7.58 12.06 22.64 10.06 17.14 6.81 10.08 18.10 9.70 23.26 4.51 7.63 12.06 0.00 11.15 10.83 11.38 12.33 8.83 23.57 11.03 6.53 9.00 16.51
69.31 12.60 26.15 10.51 11.98 10.57 21.39 7.87 10.90 18.84 13.29 8.47 5.63 12.38 10.85 10.48 12.39 6.10 11.98 29.18 10.61 12.03 8.73 7.66 20.64 11.65 13.79 6.66 6.05 8.15 11.15 0.00 10.31 13.41 14.46 6.58 22.28 16.39 8.71 4.62 15.00
72.01 13.59 26.64 11.85 11.70 8.68 21.86 7.00 9.02 16.63 12.97 7.77 6.49 10.17 8.97 9.11 11.20 4.21 14.16 30.67 8.94 9.49 6.81 9.85 22.72 11.01 12.71 6.70 7.67 8.29 10.83 10.31 0.00 12.82 14.09 8.56 19.57 17.85 6.86 11.18 12.27
72.64 7.62 15.24 15.80 10.74 10.18 10.77 5.83 12.72 25.85 10.33 5.06 8.59 8.79 12.45 11.33 23.38 9.16 14.13 22.82 12.26 18.12 7.73 12.48 19.45 9.89 24.94 6.87 10.10 5.69 11.38 13.41 12.82 0.00 11.41 11.27 23.46 12.12 7.47 10.77 16.77
71.74 6.93 13.59 16.94 12.09 11.18 9.12 7.17 13.89 27.48 11.63 6.35 9.31 10.42 13.59 12.34 24.83 10.62 13.81 21.30 13.38 19.74 9.33 12.66 18.47 10.63 26.39 7.82 10.56 6.44 12.33 14.46 14.09 11.41 0.00 11.61 25.06 11.07 9.07 12.15 18.41
64.57 7.04 20.80 9.03 9.36 4.95 16.22 8.05 7.32 25.19 10.49 7.99 11.66 14.68 6.94 5.31 18.94 9.17 5.63 22.67 6.69 17.94 10.93 9.96 14.16 9.97 20.31 5.55 9.74 5.84 8.83 6.58 8.56 11.27 11.61 0.00 27.33 9.98 10.75 8.88 19.83
91.57 29.38 38.15 21.66 24.14 22.41 34.06 20.64 20.92 10.31 24.67 21.27 24.08 14.71 21.19 22.36 17.61 18.24 32.84 46.18 21.35 10.88 17.23 28.83 40.77 22.53 18.28 22.72 26.07 23.68 23.57 22.28 19.57 23.46 25.06 27.33 0.00 34.34 17.49 18.49 7.51
60.70 4.97 12.31 18.95 10.70 13.88 8.73 13.74 16.83 34.19 10.75 13.07 11.40 19.89 16.43 14.70 28.77 16.70 6.68 12.82 16.16 26.52 17.14 9.52 7.41 12.29 30.18 12.00 10.35 10.76 11.03 16.39 17.85 12.12 11.07 9.98 34.34 0.00 16.87 17.28 27.03
75.23 11.92 22.61 10.30 7.28 6.60 18.00 9.41 7.46 18.46 8.23 10.24 7.19 12.24 7.38 7.28 16.19 10.14 15.82 29.03 7.33 10.68 8.79 12.32 23.34 5.90 17.74 5.44 9.35 6.20 6.53 8.71 6.86 7.47 9.07 10.75 17.49 16.87 0.00 4.43 10.17
73.17 12.67 25.13 5.89 9.87 9.88 20.37 4.98 11.60 16.91 11.09 5.82 5.98 7.82 11.21 9.95 12.72 10.12 14.48 29.99 10.95 9.29 4.37 10.36 22.79 8.98 14.27 5.42 7.71 6.94 9.00 4.62 11.18 10.77 12.15 8.88 18.49 17.28 4.43 0.00 11.02
84.17 22.09 31.89 14.72 17.16 14.92 27.53 13.29 13.60 10.34 17.85 13.97 16.58 8.07 13.84 14.91 13.43 10.74 25.34 39.14 13.99 5.25 9.90 21.34 33.31 15.60 14.60 15.27 18.57 16.30 16.51 15.00 12.27 16.77 18.41 19.83 7.51 27.03 10.17 11.02 0.00
0	0	1700	0	0	0
1	32	112	1	0	10
2	54	134	1	0	15
3	100	180	1	0	5
4	139	219	1	0	34
5	175	255	-1	3	0
6	241	321	1	0	30
7	278	358	1	0	9
8	295	375	1	0	35
9	330	410	-1	7	0
10	372	452	-1	1	0
11	379	459	1	0	16
12	390	470	1	0	25
13	421	501	1	0	17
14	452	532	1	0	20
15	485	565	-1	2	0
16	520	600	-1	11	0
17	551	631	-1	13	0
18	576	656	1	0	19
19	605	685	-1	18	0
20	646	726	-1	14	0
21	662	742	1	0	22
22	675	755	-1	21	0
23	696	776	1	0	39
24	723	803	1	0	33
25	761	841	-1	12	0
26	820	900	1	0	36
27	858	938	1	0	31
28	876	956	1	0	32
29	885	965	1	0	37
30	909	989	-1	6	0
31	927	1007	-1	27	0
32	944	1024	-1	28	0
33	963	1043	-1	24	0
34	979	1059	-1	4	0
35	995	1075	-1	8	0
36	1033	1113	-1	26	0
37	1071	1151	-1	29	0
38	1092	1172	1	0	40
39	1097	1177	-1	23	0
40	1111	1191	-1	38	0
C:
0 3 3 3 3 3 3 3 3 3 3 3 3 3 3 3 3 3 3 3 3 3 3 3 3 3 3 3 3 3 3 3 3 3 3 3 3 3 3 3 3 3
1 0 1 1 1 1 1 1 1 1 1 1 1 1 1 1 1 1 1 1 1 1 1 1 1 1 1 1 1 1 1 1 1 1 1 1 1 1 1 1 1 1
2 2 0 2 2 2 2 2 2 2 2 2 2 2 2 2 2 2 2 2 2 2 2 2 2 2 2 2 2 2 2 2 2 2 2 2 2 2 2 2 2 2
1 1 1 0 1 1 1 1 1 1 1 1 1 1 1 1 1 1 1 1 1 1 1 1 1 1 1 1 1 1 1 1 1 1 1 1 1 1 1 1 1 1
1 1 1 1 0 1 1 1 1 1 1 1 1 1 1 1 1 1 1 1 1 1 1 1 1 1 1 1 1 1 1 1 1 1 1 1 1 1 1 1 1 1
1 1 1 1 1 0 1 1 1 1 1 1 1 1 1 1 1 1 1 1 1 1 1 1 1 1 1 1 1 1 1 1 1 1 1 1 1 1 1 1 1 1
2 2 2 2 2 2 0 2 2 2 2 2 2 2 2 2 2 2 2 2 2 2 2 2 2 2 2 2 2 2 2 2 2 2 2 2 2 2 2 2 2 2
1 1 1 1 1 1 1 0 1 1 1 1 1 1 1 1 1 1 1 1 1 1 1 1 1 1 1 1 1 1 1 1 1 1 1 1 1 1 1 1 1 1
1 1 1 1 1 1 1 1 0 1 1 1 1 1 1 1 1 1 1 1 1 1 1 1 1 1 1 1 1 1 1 1 1 1 1 1 1 1 1 1 1 1
2 2 2 2 2 2 2 2 2 0 2 2 2 2 2 2 2 2 2 2 2 2 2 2 2 2 2 2 2 2 2 2 2 2 2 2 2 2 2 2 2 2
1 1 1 1 1 1 1 1 1 1 0 1 1 1 1 1 1 1 1 1 1 1 1 1 1 1 1 1 1 1 1 1 1 1 1 1 1 1 1 1 1 1
1 1 1 1 1 1 1 1 1 1 1 0 1 1 1 1 1 1 1 1 1 1 1 1 1 1 1 1 1 1 1 1 1 1 1 1 1 1 1 1 1 1
1 1 1 1 1 1 1 1 1 1 1 1 0 1 1 1 1 1 1 1 1 1 1 1 1 1 1 1 1 1 1 1 1 1 1 1 1 1 1 1 1 1
1 1 1 1 1 1 1 1 1 1 1 1 1 0 1 1 1 1 1 1 1 1 1 1 1 1 1 1 1 1 1 1 1 1 1 1 1 1 1 1 1 1
1 1 1 1 1 1 1 1 1 1 1 1 1 1 0 1 1 1 1 1 1 1 1 1 1 1 1 1 1 1 1 1 1 1 1 1 1 1 1 1 1 1
1 1 1 1 1 1 1 1 1 1 1 1 1 1 1 0 1 1 1 1 1 1 1 1 1 1 1 1 1 1 1 1 1 1 1 1 1 1 1 1 1 1
2 2 2 2 2 2 2 2 2 2 2 2 2 2 2 2 0 2 2 2 2 2 2 2 2 2 2 2 2 2 2 2 2 2 2 2 2 2 2 2 2 2
1 1 1 1 1 1 1 1 1 1 1 1 1 1 1 1 1 0 1 1 1 1 1 1 1 1 1 1 1 1 1 1 1 1 1 1 1 1 1 1 1 1
1 1 1 1 1 1 1 1 1 1 1 1 1 1 1 1 1 1 0 1 1 1 1 1 1 1 1 1 1 1 1 1 1 1 1 1 1 1 1 1 1 1
3 3 3 3 3 3 3 3 3 3 3 3 3 3 3 3 3 3 3 0 3 3 3 3 3 3 3 3 3 3 3 3 3 3 3 3 3 3 3 3 3 3
1 1 1 1 1 1 1 1 1 1 1 1 1 1 1 1 1 1 1 1 0 1 1 1 1 1 1 1 1 1 1 1 1 1 1 1 1 1 1 1 1 1
1 1 1 1 1 1 1 1 1 1 1 1 1 1 1 1 1 1 1 1 1 0 1 1 1 1 1 1 1 1 1 1 1 1 1 1 1 1 1 1 1 1
1 1 1 1 1 1 1 1 1 1 1 1 1 1 1 1 1 1 1 1 1 1 0 1 1 1 1 1 1 1 1 1 1 1 1 1 1 1 1 1 1 1
1 1 1 1 1 1 1 1 1 1 1 1 1 1 1 1 1 1 1 1 1 1 1 0 1 1 1 1 1 1 1 1 1 1 1 1 1 1 1 1 1 1
2 2 2 2 2 2 2 2 2 2 2 2 2 2 2 2 2 2 2 2 2 2 2 2 0 2 2 2 2 2 2 2 2 2 2 2 2 2 2 2 2 2
1 1 1 1 1 1 1 1 1 1 1 1 1 1 1 1 1 1 1 1 1 1 1 1 1 0 1 1 1 1 1 1 1 1 1 1 1 1 1 1 1 1
2 2 2 2 2 2 2 2 2 2 2 2 2 2 2 2 2 2 2 2 2 2 2 2 2 2 0 2 2 2 2 2 2 2 2 2 2 2 2 2 2 2
1 1 1 1 1 1 1 1 1 1 1 1 1 1 1 1 1 1 1 1 1 1 1 1 1 1 1 0 1 1 1 1 1 1 1 1 1 1 1 1 1 1
1 1 1 1 1 1 1 1 1 1 1 1 1 1 1 1 1 1 1 1 1 1 1 1 1 1 1 1 0 1 1 1 1 1 1 1 1 1 1 1 1 1
1 1 1 1 1 1 1 1 1 1 1 1 1 1 1 1 1 1 1 1 1 1 1 1 1 1 1 1 1 0 1 1 1 1 1 1 1 1 1 1 1 1
1 1 1 1 1 1 1 1 1 1 1 1 1 1 1 1 1 1 1 1 1 1 1 1 1 1 1 1 1 1 0 1 1 1 1 1 1 1 1 1 1 1
1 1 1 1 1 1 1 1 1 1 1 1 1 1 1 1 1 1 1 1 1 1 1 1 1 1 1 1 1 1 1 0 1 1 1 1 1 1 1 1 1 1
1 1 1 1 1 1 1 1 1 1 1 1 1 1 1 1 1 1 1 1 1 1 1 1 1 1 1 1 1 1 1 1 0 1 1 1 1 1 1 1 1 1
1 1 1 1 1 1 1 1 1 1 1 1 1 1 1 1 1 1 1 1 1 1 1 1 1 1 1 1 1 1 1 1 1 0 1 1 1 1 1 1 1 1
1 1 1 1 1 1 1 1 1 1 1 1 1 1 1 1 1 1 1 1 1 1 1 1 1 1 1 1 1 1 1 1 1 1 0 1 1 1 1 1 1 1
1 1 1 1 1 1 1 1 1 1 1 1 1 1 1 1 1 1 1 1 1 1 1 1 1 1 1 1 1 1 1 1 1 1 1 0 1 1 1 1 1 1
2 2 2 2 2 2 2 2 2 2 2 2 2 2 2 2 2 2 2 2 2 2 2 2 2 2 2 2 2 2 2 2 2 2 2 2 0 2 2 2 2 2
1 1 1 1 1 1 1 1 1 1 1 1 1 1 1 1 1 1 1 1 1 1 1 1 1 1 1 1 1 1 1 1 1 1 1 1 1 0 1 1 1 1
1 1 1 1 1 1 1 1 1 1 1 1 1 1 1 1 1 1 1 1 1 1 1 1 1 1 1 1 1 1 1 1 1 1 1 1 1 1 0 1 1 1
1 1 1 1 1 1 1 1 1 1 1 1 1 1 1 1 1 1 1 1 1 1 1 1 1 1 1 1 1 1 1 1 1 1 1 1 1 1 1 0 1 1
1 1 1 1 1 1 1 1 1 1 1 1 1 1 1 1 1 1 1 1 1 1 1 1 1 1 1 1 1 1 1 1 1 1 1 1 1 1 1 1 0 1
3 3 3 3 3 3 3 3 3 3 3 3 3 3 3 3 3 3 3 3 3 3 3 3 3 3 3 3 3 3 3 3 3 3 3 3 3 3 3 3 3 0
Time:
0	15
15	30
30	45
45	60
60	75
75	90
90	105
105	120
120	135
135	150
150	165
165	180
180	195
195	210
210	225
225	240
240	255
255	270
270	285
285	300
300	315
315	330
330	345
345	360
360	375
375	390
390	405
405	420
420	435
435	450
450	465
465	480
480	495
495	510
510	525
525	540
540	555
555	570
570	585
585	600
600	615
615	630
630	645
645	660
660	675
675	690
690	705
705	720
720	735
735	750
750	765
765	780
780	795
795	810
810	825
825	840
840	855
855	870
870	885
885	900
900	915
915	930
930	945
945	960
960	975
975	990
990	1005
1005	1020
1020	1035
1035	1050
1050	1065
1065	1080
1080	2000
Speed:
0.925	0.85	0.925	1	0.8325	0.765	0.8325	0.9	0.4625	0.425	0.4625	0.5	0.30525	0.2805	0.30525	0.33	0.37	0.34	0.37	0.4	0.555	0.51	0.555	0.6	0.6475	0.595	0.6475	0.7	0.37	0.34	0.37	0.4	0.30525	0.2805	0.30525	0.33	0.4625	0.425	0.4625	0.5	0.6475	0.595	0.6475	0.7	0.74	0.68	0.74	0.8	0.6475	0.595	0.6475	0.7	0.4625	0.425	0.4625	0.5	0.555	0.51	0.555	0.6	0.6475	0.595	0.6475	0.7	0.8325	0.765	0.8325	0.9	0.925	0.85	0.925	1	1
0.925	0.85	0.925	1	0.8325	0.765	0.8325	0.9	0.4625	0.425	0.4625	0.5	0.30525	0.2805	0.30525	0.33	0.37	0.34	0.37	0.4	0.555	0.51	0.555	0.6	0.6475	0.595	0.6475	0.7	0.37	0.34	0.37	0.4	0.30525	0.2805	0.30525	0.33	0.4625	0.425	0.4625	0.5	0.6475	0.595	0.6475	0.7	0.74	0.68	0.74	0.8	0.6475	0.595	0.6475	0.7	0.4625	0.425	0.4625	0.5	0.555	0.51	0.555	0.6	0.6475	0.595	0.6475	0.7	0.8325	0.765	0.8325	0.9	0.925	0.85	0.925	1	1
0.925	0.85	0.925	1	0.8325	0.765	0.8325	0.9	0.4625	0.425	0.4625	0.5	0.30525	0.2805	0.30525	0.33	0.37	0.34	0.37	0.4	0.555	0.51	0.555	0.6	0.6475	0.595	0.6475	0.7	0.37	0.34	0.37	0.4	0.30525	0.2805	0.30525	0.33	0.4625	0.425	0.4625	0.5	0.6475	0.595	0.6475	0.7	0.74	0.68	0.74	0.8	0.6475	0.595	0.6475	0.7	0.4625	0.425	0.4625	0.5	0.555	0.51	0.555	0.6	0.6475	0.595	0.6475	0.7	0.8325	0.765	0.8325	0.9	0.925	0.85	0.925	1	1
