41
0.00 63.10 62.71 68.39 62.10 89.33 62.36 57.71 74.81 75.16 80.56 72.51 60.60 73.62 73.00 77.21 74.36 73.84 57.77 86.93 78.09 50.36 57.75 43.03 83.10 68.71 68.16 38.46 86.57 52.93 68.96 68.49 87.63 53.50 70.82 47.33 79.87 74.49 71.65 70.54 101.73
63.10 0.00 5.34 20.52 5.83 28.48 10.79 5.49 11.75 24.75 18.43 21.44 7.12 11.18 14.81 30.70 11.26 12.59 12.04 26.66 19.00 14.65 9.13 20.54 24.69 14.57 18.02 30.28 24.52 10.88 11.24 15.66 33.91 14.78 26.22 15.95 17.78 12.27 27.46 12.59 40.91
62.71 5.34 0.00 15.35 10.19 31.78 16.00 6.45 13.05 29.98 21.44 26.70 12.46 11.10 11.55 35.99 13.01 16.60 16.58 30.26 23.32 17.18 5.46 21.54 28.91 9.89 23.36 27.73 27.32 13.11 16.36 20.98 38.63 11.16 31.57 15.54 20.88 11.84 32.80 9.03 43.92
68.39 20.52 15.35 0.00 15.11 40.73 31.30 20.84 21.62 44.14 30.93 41.07 14.76 18.29 10.94 50.34 22.33 28.71 31.83 40.05 35.34 30.91 15.53 32.83 40.31 6.74 38.22 30.07 35.51 27.00 30.55 35.66 50.94 16.28 46.48 25.69 30.62 17.89 47.69 10.66 51.26
62.10 5.83 10.19 15.11 0.00 32.53 16.35 6.26 13.79 30.55 22.20 27.25 12.36 11.79 11.90 36.52 13.75 17.31 16.74 31.01 24.03 16.99 4.73 21.11 29.63 9.90 23.83 26.99 28.07 12.91 16.95 21.49 39.31 10.41 32.02 14.99 21.63 12.51 33.26 9.35 44.67
89.33 28.48 31.78 40.73 32.53 0.00 27.03 33.76 19.59 19.71 10.37 20.15 34.31 22.74 29.82 23.66 19.21 16.04 31.64 11.01 11.35 38.99 37.05 46.47 7.69 34.35 23.04 58.76 5.32 36.82 20.37 21.68 14.98 42.85 25.96 43.79 10.91 22.92 26.23 30.28 12.55
62.36 10.79 16.00 31.30 16.35 27.03 0.00 12.23 17.74 16.13 19.27 12.72 17.22 19.05 24.84 21.34 16.76 12.57 4.61 24.59 15.74 12.24 18.20 19.86 20.84 25.30 8.37 35.10 24.85 11.18 6.83 7.02 27.43 22.79 16.04 19.02 18.58 20.25 17.30 22.92 39.38
57.71 5.49 6.45 20.84 6.26 33.76 12.23 0.00 17.11 27.91 23.84 24.49 6.10 16.11 17.96 33.46 16.69 17.75 11.31 31.84 23.81 10.74 6.09 15.52 29.50 16.13 20.47 25.06 29.95 6.67 15.22 18.58 38.10 10.67 28.26 10.47 23.19 17.09 29.53 15.46 46.25
74.81 11.75 13.05 21.62 13.79 19.59 17.74 17.11 0.00 24.53 9.41 22.07 15.57 18.61 11.15 30.78 15.38 8.21 21.21 18.59 14.11 25.95 18.52 32.26 18.74 14.99 20.86 40.78 14.69 22.46 12.82 18.11 29.49 24.17 28.53 27.54 9.04 18.32 29.54 10.96 31.22
75.16 24.75 29.98 44.14 30.55 19.71 16.13 27.91 24.53 0.00 18.85 12.49 31.86 27.45 35.11 6.28 23.49 16.32 19.57 17.10 11.76 27.33 33.50 34.71 12.06 37.50 7.89 51.12 21.01 27.17 13.68 9.33 12.47 38.58 6.27 35.03 18.51 28.41 6.55 34.06 29.52
80.56 18.43 21.44 30.93 22.20 10.37 19.27 23.84 9.41 18.85 0.00 17.47 23.98 12.68 20.21 24.62 8.91 6.81 23.72 9.18 7.10 30.34 26.76 37.53 9.95 24.37 18.30 48.66 6.11 27.65 12.51 16.01 20.82 32.55 24.22 34.13 12.90 13.05 24.95 20.32 22.54
72.51 21.44 26.70 41.07 27.25 20.15 12.72 24.49 22.07 12.49 17.47 0.00 28.53 24.83 32.34 9.30 21.00 13.90 16.27 17.47 10.57 24.10 30.11 31.56 12.50 34.48 4.60 47.75 20.57 23.79 10.52 5.91 15.31 35.16 6.76 31.66 17.03 25.85 7.60 31.15 30.92
60.60 7.12 12.46 14.76 12.36 34.31 17.22 6.10 15.57 31.86 23.98 28.53 0.00 13.49 12.92 37.76 15.54 19.01 17.15 32.76 25.68 16.56 12.19 20.11 31.31 10.23 24.96 25.24 29.86 12.52 18.35 22.71 40.88 8.62 33.08 13.71 23.41 14.16 34.33 10.36 46.46
73.62 11.18 11.10 18.29 11.79 22.74 19.05 16.11 18.61 27.45 12.68 24.83 13.49 0.00 7.87 33.72 18.35 11.18 22.00 21.84 17.37 25.80 16.47 31.58 22.07 11.70 23.21 38.68 17.70 22.06 15.03 20.44 32.81 21.92 31.11 26.30 12.34 15.01 32.18 7.65 34.10
73.00 14.81 11.55 10.94 11.90 29.82 24.84 17.96 11.15 35.11 20.21 32.34 12.92 7.87 0.00 41.39 12.02 18.97 26.81 29.23 25.24 28.65 15.47 32.98 29.85 5.23 30.27 36.08 24.58 24.60 22.14 27.54 40.64 19.59 38.39 26.60 19.96 7.21 39.51 14.57 40.37
77.21 30.70 35.99 50.34 36.52 23.66 21.34 33.46 30.78 6.28 24.62 9.30 37.76 33.72 41.39 0.00 29.74 22.57 24.11 21.28 17.58 31.50 39.23 38.52 16.52 43.73 13.00 55.72 25.95 31.94 19.81 15.05 12.19 44.10 6.50 39.72 24.35 34.67 5.56 40.32 31.58
74.36 11.26 13.01 22.33 13.75 19.21 16.76 16.69 15.38 23.49 8.91 21.00 15.54 18.35 12.02 29.74 0.00 7.17 20.32 18.08 13.22 25.25 18.45 31.69 17.99 15.65 19.78 40.67 14.44 21.84 11.74 17.02 28.68 24.16 27.44 27.15 8.48 4.96 28.47 11.67 31.03
73.84 12.59 16.60 28.71 17.31 16.04 12.57 17.75 8.21 16.32 6.81 13.90 19.01 11.18 18.97 22.57 7.17 0.00 16.95 14.10 6.81 23.56 21.51 30.82 12.32 21.97 13.19 42.79 12.73 20.99 6.00 10.54 22.39 27.28 20.46 27.76 6.11 12.10 21.43 18.22 28.58
57.77 12.04 16.58 31.83 16.74 31.64 4.61 11.31 21.21 19.57 23.72 16.27 17.15 22.00 26.81 24.11 20.32 16.95 0.00 29.19 20.34 7.90 17.36 15.49 25.37 26.40 11.69 31.64 29.39 7.86 11.39 11.09 31.41 21.05 18.17 15.61 23.03 23.20 19.42 24.63 43.97
86.93 26.66 30.26 40.05 31.01 11.01 24.59 31.84 18.59 17.10 9.18 17.47 32.76 21.84 29.23 21.28 18.08 14.10 29.19 0.00 8.85 36.64 35.42 44.16 5.04 33.53 20.37 56.89 5.70 34.60 18.01 19.07 13.50 41.22 23.34 41.72 9.60 22.16 23.64 29.47 14.81
78.09 19.00 23.32 35.34 24.03 11.35 15.74 23.81 14.11 11.76 7.10 10.57 25.68 17.37 25.24 17.58 13.22 6.81 20.34 8.85 0.00 27.83 28.07 35.39 5.70 28.61 12.23 48.80 10.27 25.96 9.25 10.49 15.62 33.78 17.25 33.29 6.78 18.11 17.93 24.75 23.65
50.36 14.65 17.18 30.91 16.99 38.99 12.24 10.74 25.95 27.33 30.34 24.10 16.56 25.80 28.65 31.50 25.25 23.56 7.90 36.64 27.83 0.00 15.38 7.62 33.07 26.77 19.50 24.35 36.27 15.76 18.63 18.98 39.30 16.94 25.27 8.90 29.64 26.91 26.46 26.18 51.45
57.75 9.13 5.46 15.53 4.73 37.05 18.20 6.09 18.52 33.50 26.76 30.11 12.19 16.47 15.47 39.23 18.45 21.51 17.36 35.42 28.07 15.38 0.00 17.95 33.74 12.12 26.28 22.27 32.70 11.52 20.26 24.22 43.03 5.80 34.22 11.21 26.17 17.14 35.49 12.94 49.28
43.03 20.54 21.54 32.83 21.11 46.47 19.86 15.52 32.26 34.71 37.53 31.56 20.11 31.58 32.98 38.52 31.69 30.82 15.49 44.16 35.39 7.62 17.95 0.00 40.67 30.06 26.96 18.45 43.55 9.93 26.15 26.57 46.82 16.91 32.14 7.17 36.84 32.59 33.27 30.42 58.97
83.10 24.69 28.91 40.31 29.63 7.69 20.84 29.50 18.74 12.06 9.95 12.50 31.31 22.07 29.85 16.52 17.99 12.32 25.37 5.04 5.70 33.07 33.74 40.67 0.00 33.62 15.70 54.47 9.49 31.43 14.73 14.72 10.88 39.46 18.29 38.88 10.03 22.64 18.61 29.65 18.87
68.71 14.57 9.89 6.74 9.90 34.35 25.30 16.13 14.99 37.50 24.37 34.48 10.23 11.70 5.23 43.73 15.65 21.97 26.40 33.53 28.61 26.77 12.12 30.06 33.62 0.00 31.81 31.27 29.21 22.71 23.99 29.20 44.21 15.22 40.07 23.27 24.03 11.43 41.26 17.40 45.29
68.16 18.02 23.36 38.22 23.83 23.04 8.37 20.47 20.86 7.89 18.30 4.60 24.96 23.21 30.27 13.00 19.78 13.19 11.69 20.37 12.23 19.50 26.28 26.96 15.70 31.81 0.00 43.24 22.49 19.29 8.18 10.51 19.87 31.10 8.27 27.15 17.73 24.33 9.48 28.80 34.52
38.46 30.28 27.73 30.07 26.99 58.76 35.10 25.06 40.78 51.12 48.66 47.75 25.24 38.68 36.08 55.72 40.67 42.79 31.64 56.89 48.80 24.35 22.27 18.45 54.47 31.27 43.24 0.00 54.71 23.96 39.90 42.11 62.43 16.81 49.59 16.09 48.03 39.26 50.79 33.84 71.18
86.57 24.52 27.32 35.51 28.07 5.32 24.85 29.95 14.69 21.01 6.11 20.57 29.86 17.70 24.58 25.95 14.44 12.73 29.39 5.70 10.27 36.27 32.70 43.55 9.49 29.21 22.49 54.71 0.00 33.70 18.02 20.60 19.16 38.47 27.01 40.24 6.79 17.79 27.51 25.15 16.60
52.93 10.88 13.11 27.00 12.91 36.82 11.18 6.67 22.46 27.17 27.65 23.79 12.52 22.06 24.60 31.94 21.84 20.99 7.86 34.60 25.96 15.76 11.52 9.93 31.43 22.71 19.29 23.96 33.70 0.00 16.72 18.20 38.60 13.85 26.03 7.87 26.96 23.13 27.28 22.12 49.36
68.96 11.24 16.36 30.55 16.95 20.37 6.83 15.22 12.82 13.68 12.51 10.52 18.35 15.03 22.14 19.81 11.74 6.00 11.39 18.01 9.25 18.63 20.26 26.15 14.73 23.99 8.18 39.90 18.02 16.72 0.00 5.43 22.89 25.69 16.25 24.17 11.83 16.16 17.39 20.77 32.82
68.49 15.66 20.98 35.66 21.49 21.68 7.02 18.58 18.11 9.33 16.01 5.91 22.71 20.44 27.54 15.05 17.02 10.54 11.09 19.07 10.49 18.98 24.22 26.57 14.72 29.20 10.51 42.11 20.60 18.20 5.43 0.00 20.42 29.25 10.89 26.04 15.41 21.56 12.06 26.11 33.57
87.63 33.91 38.63 50.94 39.31 14.98 27.43 38.10 29.49 12.47 20.82 15.31 40.88 32.81 40.64 12.19 28.68 22.39 31.41 13.50 15.62 39.30 43.03 46.82 10.88 44.21 19.87 62.43 19.16 38.60 22.89 20.42 0.00 48.56 17.48 46.41 20.91 33.44 17.03 40.31 19.85
53.50 14.78 11.16 16.28 10.41 42.85 22.79 10.67 24.17 38.58 32.55 35.16 8.62 21.92 19.59 44.10 24.16 27.28 21.05 41.22 33.78 16.94 5.80 16.91 39.46 15.22 31.10 16.81 38.47 13.85 25.69 29.25 48.56 0.00 38.75 9.76 31.96 22.46 40.02 17.22 55.06
70.82 26.22 31.57 46.48 32.02 25.96 16.04 28.26 28.53 6.27 24.22 6.76 33.08 31.11 38.39 6.50 27.44 20.46 18.17 23.34 17.25 25.27 34.22 32.14 18.29 40.07 8.27 49.59 27.01 26.03 16.25 10.89 17.48 38.75 0.00 33.70 23.78 32.18 12.06 37.00 35.63
47.33 15.95 15.54 25.69 14.99 43.79 19.02 10.47 27.54 35.03 34.13 31.66 13.71 26.30 26.60 39.72 27.15 27.76 15.61 41.72 33.29 8.90 11.21 7.17 38.88 23.27 27.15 16.09 40.24 7.87 24.17 26.04 46.41 9.76 33.70 0.00 33.46 27.19 34.93 24.05 56.34
79.87 17.78 20.88 30.62 21.63 10.91 18.58 23.19 9.04 18.51 12.90 17.03 23.41 12.34 19.96 24.35 8.48 6.11 23.03 9.60 6.78 29.64 26.17 36.84 10.03 24.03 17.73 48.03 6.79 26.96 11.83 15.41 20.91 31.96 23.78 33.46 0.00 12.77 24.55 19.99 23.16
74.49 12.27 11.84 17.89 12.51 22.92 20.25 17.09 18.32 28.41 13.05 25.85 14.16 15.01 7.21 34.67 4.96 12.10 23.20 22.16 18.11 26.91 17.14 32.59 22.64 11.43 24.33 39.26 17.79 23.13 16.16 21.56 33.44 22.46 32.18 27.19 12.77 0.00 33.24 7.36 34.03
71.65 27.46 32.80 47.69 33.26 26.23 17.30 29.53 29.54 6.55 24.95 7.60 34.33 32.18 39.51 5.56 28.47 21.43 19.42 23.64 17.93 26.46 35.49 33.27 18.61 41.26 9.48 50.79 27.51 27.28 17.39 12.06 17.03 40.02 12.06 34.93 24.55 33.24 0.00 38.15 35.56
70.54 12.59 9.03 10.66 9.35 30.28 22.92 15.46 10.96 34.06 20.32 31.15 10.36 7.65 14.57 40.32 11.67 18.22 24.63 29.47 24.75 26.18 12.94 30.42 29.65 17.40 28.80 33.84 25.15 22.12 20.77 26.11 40.31 17.22 37.00 24.05 19.99 7.36 38.15 0.00 41.28
101.73 40.91 43.92 51.26 44.67 12.55 39.38 46.25 31.22 29.52 22.54 30.92 46.46 34.10 40.37 31.58 31.03 28.58 43.97 14.81 23.65 51.45 49.28 58.97 18.87 45.29 34.52 71.18 16.60 49.36 32.82 33.57 19.85 55.06 35.63 56.34 23.16 34.03 35.56 41.28 0.00
0	0	2200	0	0	0
1	30	110	1	0	27
2	38	118	1	0	36
3	59	139	1	0	38
4	77	157	1	0	29
5	157	237	1	0	32
6	247	327	1	0	8
7	278	358	1	0	20
8	313	393	-1	6	0
9	354	434	1	0	34
10	383	463	1	0	11
11	431	511	-1	10	0
12	514	594	1	0	16
13	545	625	1	0	17
14	560	640	1	0	30
15	624	704	1	0	28
16	665	745	-1	12	0
17	674	754	-1	13	0
18	704	784	1	0	25
19	769	849	1	0	24
20	790	870	-1	7	0
21	854	934	1	0	26
22	881	961	1	0	31
23	912	992	1	0	35
24	964	1044	-1	19	0
25	1011	1091	-1	18	0
26	1047	1127	-1	21	0
27	1101	1181	-1	1	0
28	1156	1236	-1	15	0
29	1194	1274	-1	4	0
30	1212	1292	-1	14	0
31	1219	1299	-1	22	0
32	1245	1325	-1	5	0
33	1298	1378	1	0	40
34	1337	1417	-1	9	0
35	1375	1455	-1	23	0
36	1408	1488	-1	2	0
37	1424	1504	1	0	39
38	1466	1546	-1	3	0
39	1508	1588	-1	37	0
40	1554	1634	-1	33	0
C:
0 3 3 3 3 3 3 3 3 3 3 3 3 3 3 3 3 3 3 3 3 3 3 3 3 3 3 3 3 3 3 3 3 3 3 3 3 3 3 3 3 3
1 0 1 1 1 1 1 1 1 1 1 1 1 1 1 1 1 1 1 1 1 1 1 1 1 1 1 1 1 1 1 1 1 1 1 1 1 1 1 1 1 1
2 2 0 2 2 2 2 2 2 2 2 2 2 2 2 2 2 2 2 2 2 2 2 2 2 2 2 2 2 2 2 2 2 2 2 2 2 2 2 2 2 2
3 3 3 0 3 3 3 3 3 3 3 3 3 3 3 3 3 3 3 3 3 3 3 3 3 3 3 3 3 3 3 3 3 3 3 3 3 3 3 3 3 3
2 2 2 2 0 2 2 2 2 2 2 2 2 2 2 2 2 2 2 2 2 2 2 2 2 2 2 2 2 2 2 2 2 2 2 2 2 2 2 2 2 2
2 2 2 2 2 0 2 2 2 2 2 2 2 2 2 2 2 2 2 2 2 2 2 2 2 2 2 2 2 2 2 2 2 2 2 2 2 2 2 2 2 2
1 1 1 1 1 1 0 1 1 1 1 1 1 1 1 1 1 1 1 1 1 1 1 1 1 1 1 1 1 1 1 1 1 1 1 1 1 1 1 1 1 1
2 2 2 2 2 2 2 0 2 2 2 2 2 2 2 2 2 2 2 2 2 2 2 2 2 2 2 2 2 2 2 2 2 2 2 2 2 2 2 2 2 2
1 1 1 1 1 1 1 1 0 1 1 1 1 1 1 1 1 1 1 1 1 1 1 1 1 1 1 1 1 1 1 1 1 1 1 1 1 1 1 1 1 1
1 1 1 1 1 1 1 1 1 0 1 1 1 1 1 1 1 1 1 1 1 1 1 1 1 1 1 1 1 1 1 1 1 1 1 1 1 1 1 1 1 1
1 1 1 1 1 1 1 1 1 1 0 1 1 1 1 1 1 1 1 1 1 1 1 1 1 1 1 1 1 1 1 1 1 1 1 1 1 1 1 1 1 1
1 1 1 1 1 1 1 1 1 1 1 0 1 1 1 1 1 1 1 1 1 1 1 1 1 1 1 1 1 1 1 1 1 1 1 1 1 1 1 1 1 1
2 2 2 2 2 2 2 2 2 2 2 2 0 2 2 2 2 2 2 2 2 2 2 2 2 2 2 2 2 2 2 2 2 2 2 2 2 2 2 2 2 2
1 1 1 1 1 1 1 1 1 1 1 1 1 0 1 1 1 1 1 1 1 1 1 1 1 1 1 1 1 1 1 1 1 1 1 1 1 1 1 1 1 1
2 2 2 2 2 2 2 2 2 2 2 2 2 2 0 2 2 2 2 2 2 2 2 2 2 2 2 2 2 2 2 2 2 2 2 2 2 2 2 2 2 2
2 2 2 2 2 2 2 2 2 2 2 2 2 2 2 0 2 2 2 2 2 2 2 2 2 2 2 2 2 2 2 2 2 2 2 2 2 2 2 2 2 2
1 1 1 1 1 1 1 1 1 1 1 1 1 1 1 1 0 1 1 1 1 1 1 1 1 1 1 1 1 1 1 1 1 1 1 1 1 1 1 1 1 1
1 1 1 1 1 1 1 1 1 1 1 1 1 1 1 1 1 0 1 1 1 1 1 1 1 1 1 1 1 1 1 1 1 1 1 1 1 1 1 1 1 1
1 1 1 1 1 1 1 1 1 1 1 1 1 1 1 1 1 1 0 1 1 1 1 1 1 1 1 1 1 1 1 1 1 1 1 1 1 1 1 1 1 1
2 2 2 2 2 2 2 2 2 2 2 2 2 2 2 2 2 2 2 0 2 2 2 2 2 2 2 2 2 2 2 2 2 2 2 2 2 2 2 2 2 2
1 1 1 1 1 1 1 1 1 1 1 1 1 1 1 1 1 1 1 1 0 1 1 1 1 1 1 1 1 1 1 1 1 1 1 1 1 1 1 1 1 1
2 2 2 2 2 2 2 2 2 2 2 2 2 2 2 2 2 2 2 2 2 0 2 2 2 2 2 2 2 2 2 2 2 2 2 2 2 2 2 2 2 2
2 2 2 2 2 2 2 2 2 2 2 2 2 2 2 2 2 2 2 2 2 2 0 2 2 2 2 2 2 2 2 2 2 2 2 2 2 2 2 2 2 2
3 3 3 3 3 3 3 3 3 3 3 3 3 3 3 3 3 3 3 3 3 3 3 0 3 3 3 3 3 3 3 3 3 3 3 3 3 3 3 3 3 3
1 1 1 1 1 1 1 1 1 1 1 1 1 1 1 1 1 1 1 1 1 1 1 1 0 1 1 1 1 1 1 1 1 1 1 1 1 1 1 1 1 1
2 2 2 2 2 2 2 2 2 2 2 2 2 2 2 2 2 2 2 2 2 2 2 2 2 0 2 2 2 2 2 2 2 2 2 2 2 2 2 2 2 2
1 1 1 1 1 1 1 1 1 1 1 1 1 1 1 1 1 1 1 1 1 1 1 1 1 1 0 1 1 1 1 1 1 1 1 1 1 1 1 1 1 1
3 3 3 3 3 3 3 3 3 3 3 3 3 3 3 3 3 3 3 3 3 3 3 3 3 3 3 0 3 3 3 3 3 3 3 3 3 3 3 3 3 3
2 2 2 2 2 2 2 2 2 2 2 2 2 2 2 2 2 2 2 2 2 2 2 2 2 2 2 2 0 2 2 2 2 2 2 2 2 2 2 2 2 2
2 2 2 2 2 2 2 2 2 2 2 2 2 2 2 2 2 2 2 2 2 2 2 2 2 2 2 2 2 0 2 2 2 2 2 2 2 2 2 2 2 2
1 1 1 1 1 1 1 1 1 1 1 1 1 1 1 1 1 1 1 1 1 1 1 1 1 1 1 1 1 1 0 1 1 1 1 1 1 1 1 1 1 1
1 1 1 1 1 1 1 1 1 1 1 1 1 1 1 1 1 1 1 1 1 1 1 1 1 1 1 1 1 1 1 0 1 1 1 1 1 1 1 1 1 1
2 2 2 2 2 2 2 2 2 2 2 2 2 2 2 2 2 2 2 2 2 2 2 2 2 2 2 2 2 2 2 2 0 2 2 2 2 2 2 2 2 2
3 3 3 3 3 3 3 3 3 3 3 3 3 3 3 3 3 3 3 3 3 3 3 3 3 3 3 3 3 3 3 3 3 0 3 3 3 3 3 3 3 3
2 2 2 2 2 2 2 2 2 2 2 2 2 2 2 2 2 2 2 2 2 2 2 2 2 2 2 2 2 2 2 2 2 2 0 2 2 2 2 2 2 2
3 3 3 3 3 3 3 3 3 3 3 3 3 3 3 3 3 3 3 3 3 3 3 3 3 3 3 3 3 3 3 3 3 3 3 0 3 3 3 3 3 3
1 1 1 1 1 1 1 1 1 1 1 1 1 1 1 1 1 1 1 1 1 1 1 1 1 1 1 1 1 1 1 1 1 1 1 1 0 1 1 1 1 1
1 1 1 1 1 1 1 1 1 1 1 1 1 1 1 1 1 1 1 1 1 1 1 1 1 1 1 1 1 1 1 1 1 1 1 1 1 0 1 1 1 1
2 2 2 2 2 2 2 2 2 2 2 2 2 2 2 2 2 2 2 2 2 2 2 2 2 2 2 2 2 2 2 2 2 2 2 2 2 2 0 2 2 2
2 2 2 2 2 2 2 2 2 2 2 2 2 2 2 2 2 2 2 2 2 2 2 2 2 2 2 2 2 2 2 2 2 2 2 2 2 2 2 0 2 2
3 3 3 3 3 3 3 3 3 3 3 3 3 3 3 3 3 3 3 3 3 3 3 3 3 3 3 3 3 3 3 3 3 3 3 3 3 3 3 3 0 3
3 3 3 3 3 3 3 3 3 3 3 3 3 3 3 3 3 3 3 3 3 3 3 3 3 3 3 3 3 3 3 3 3 3 3 3 3 3 3 3 3 0
Time:
0	15
15	30
30	45
45	60
60	75
75	90
90	105
105	120
120	135
135	150
150	165
165	180
180	195
195	210
210	225
225	240
240	255
255	270
270	285
285	300
300	315
315	330
330	345
345	360
360	375
375	390
390	405
405	420
420	435
435	450
450	465
465	480
480	495
495	510
510	525
525	540
540	555
555	570
570	585
585	600
600	615
615	630
630	645
645	660
660	675
675	690
690	705
705	720
720	735
735	750
750	765
765	780
780	795
795	810
810	825
825	840
840	855
855	870
870	885
885	900
900	915
915	930
930	945
945	960
960	975
975	990
990	1005
1005	1020
1020	1035
1035	1050
1050	1065
1065	1080
1080	2200
Speed:
0.925	0.85	0.925	1	0.8325	0.765	0.8325	0.9	0.4625	0.425	0.4625	0.5	0.30525	0.2805	0.30525	0.33	0.37	0.34	0.37	0.4	0.555	0.51	0.555	0.6	0.6475	0.595	0.6475	0.7	0.37	0.34	0.37	0.4	0.30525	0.2805	0.30525	0.33	0.4625	0.425	0.4625	0.5	0.6475	0.595	0.6475	0.7	0.74	0.68	0.74	0.8	0.6475	0.595	0.6475	0.7	0.4625	0.425	0.4625	0.5	0.555	0.51	0.555	0.6	0.6475	0.595	0.6475	0.7	0.8325	0.765	0.8325	0.9	0.925	0.85	0.925	1	1
0.925	0.85	0.925	1	0.8325	0.765	0.8325	0.9	0.4625	0.425	0.4625	0.5	0.30525	0.2805	0.30525	0.33	0.37	0.34	0.37	0.4	0.555	0.51	0.555	0.6	0.6475	0.595	0.6475	0.7	0.37	0.34	0.37	0.4	0.30525	0.2805	0.30525	0.33	0.4625	0.425	0.4625	0.5	0.6475	0.595	0.6475	0.7	0.74	0.68	0.74	0.8	0.6475	0.595	0.6475	0.7	0.4625	0.425	0.4625	0.5	0.555	0.51	0.555	0.6	0.6475	0.595	0.6475	0.7	0.8325	0.765	0.8325	0.9	0.925	0.85	0.925	1	1
0.925	0.85	0.925	1	0.8325	0.765	0.8325	0.9	0.4625	0.425	0.4625	0.5	0.30525	0.2805	0.30525	0.33	0.37	0.34	0.37	0.4	0.555	0.51	0.555	0.6	0.6475	0.595	0.6475	0.7	0.37	0.34	0.37	0.4	0.30525	0.2805	0.30525	0.33	0.4625	0.425	0.4625	0.5	0.6475	0.595	0.6475	0.7	0.74	0.68	0.74	0.8	0.6475	0.595	0.6475	0.7	0.4625	0.425	0.4625	0.5	0.555	0.51	0.555	0.6	0.6475	0.595	0.6475	0.7	0.8325	0.765	0.8325	0.9	0.925	0.85	0.925	1	1
