31
0.00 77.79 58.01 74.83 69.39 71.67 72.73 62.35 66.68 60.38 75.03 72.62 84.86 67.37 77.36 57.90 81.50 71.08 69.40 63.64 71.96 80.34 80.41 72.07 83.51 55.68 59.55 60.71 64.33 80.30 69.28
77.79 0.00 21.41 5.08 13.40 15.15 9.70 15.49 11.69 20.80 4.90 11.38 8.02 10.44 10.83 20.13 11.92 8.18 9.44 21.21 7.29 10.30 12.52 7.40 13.81 22.58 18.52 17.13 13.51 11.23 8.55
58.01 21.41 0.00 17.40 11.44 14.27 21.04 7.64 9.74 11.90 17.61 14.63 29.34 11.75 21.51 4.43 24.54 13.61 16.16 8.41 14.54 23.01 29.28 14.58 31.97 12.53 4.69 6.70 9.05 28.49 14.09
74.83 5.08 17.40 0.00 8.36 10.15 12.28 12.73 8.16 16.29 9.98 6.35 12.85 8.14 6.09 16.94 7.23 11.76 9.78 16.25 11.92 5.61 17.13 11.61 18.72 19.17 15.29 14.32 10.83 15.89 7.29
69.39 13.40 11.44 8.36 0.00 14.63 18.18 10.81 6.81 9.14 8.56 11.24 21.19 9.37 14.22 13.02 15.28 5.83 13.93 7.96 6.45 13.32 24.71 6.24 26.67 14.43 11.59 11.81 9.83 23.57 10.65
71.67 15.15 14.27 10.15 14.63 0.00 21.32 14.61 10.62 11.37 10.31 14.12 22.40 13.06 16.24 16.47 16.13 8.81 17.37 8.46 9.15 14.01 27.20 8.87 28.87 17.60 15.15 15.55 13.67 25.99 14.10
72.73 9.70 21.04 12.28 18.18 21.32 0.00 13.46 12.69 22.03 12.24 17.76 13.11 9.85 8.27 17.94 13.21 12.52 4.92 24.44 12.20 13.81 8.42 12.50 11.36 20.51 16.72 14.75 12.02 7.88 7.79
62.35 15.49 7.64 12.73 10.81 14.61 13.46 0.00 4.82 9.33 12.91 12.95 22.99 5.05 15.21 4.77 19.15 9.23 8.66 13.12 9.99 18.07 21.79 10.18 24.57 7.34 11.95 11.11 11.46 21.07 7.19
66.68 11.69 9.74 8.16 6.81 10.62 12.69 4.82 0.00 9.68 8.35 8.36 19.59 9.77 11.77 8.79 15.01 4.48 7.91 11.77 5.31 13.68 20.34 5.46 22.79 11.06 7.13 6.30 10.22 19.39 4.95
60.38 20.80 11.90 16.29 9.14 11.37 22.03 9.33 9.68 0.00 16.51 12.41 28.82 12.26 21.15 7.55 23.53 12.66 17.11 4.89 13.58 21.79 29.96 13.54 32.47 7.31 7.21 8.93 10.16 29.05 14.53
75.03 4.90 17.61 9.98 8.56 10.31 12.24 12.91 8.35 16.51 0.00 6.51 12.65 8.29 5.93 17.14 7.02 11.92 9.83 16.46 12.08 5.40 17.00 11.77 18.56 19.37 15.48 14.50 11.00 15.75 7.39
72.62 11.38 14.63 6.35 11.24 14.12 17.76 12.95 8.36 12.41 6.51 0.00 18.78 10.29 12.44 15.82 12.62 5.41 14.11 10.87 5.57 10.55 23.41 5.26 25.07 17.44 14.30 14.19 11.61 22.20 10.90
84.86 8.02 29.34 12.85 21.19 22.40 13.11 22.99 19.59 28.82 12.65 18.78 0.00 17.98 7.84 27.73 6.37 16.19 15.48 29.10 15.30 8.52 9.98 15.38 9.30 30.25 26.16 24.60 21.04 8.84 15.81
67.37 10.44 11.75 8.14 9.37 13.06 9.85 5.05 9.77 12.26 8.29 10.29 17.98 0.00 10.17 9.76 14.15 5.29 5.02 14.65 5.77 13.19 17.72 6.04 20.30 12.28 8.19 6.69 12.13 16.84 10.81
77.36 10.83 21.51 6.09 14.22 16.24 8.27 15.21 11.77 21.15 5.93 12.44 7.84 10.17 0.00 19.93 5.08 8.71 8.48 21.89 7.89 5.56 11.17 8.05 12.63 22.43 18.35 16.84 13.25 9.90 8.09
57.90 20.13 4.43 16.94 13.02 16.47 17.94 4.77 8.79 7.55 17.14 15.82 27.73 9.76 19.93 0.00 23.68 13.23 13.28 12.30 14.09 22.45 26.34 14.22 29.19 12.11 9.12 11.13 6.69 25.68 11.95
81.50 11.92 24.54 7.23 15.28 16.13 13.21 19.15 15.01 23.53 7.02 12.62 6.37 14.15 5.08 23.68 0.00 10.96 13.42 23.24 10.02 10.64 14.06 10.02 14.51 26.05 22.04 20.79 17.17 12.74 12.42
71.08 8.18 13.61 11.76 5.83 8.81 12.52 9.23 4.48 12.66 11.92 5.41 16.19 5.29 8.71 13.23 10.96 0.00 8.70 13.20 9.80 9.42 18.90 9.95 20.92 15.40 11.57 10.76 7.45 17.77 5.51
69.40 9.44 16.16 9.78 13.93 17.37 4.92 8.66 7.91 17.11 9.83 14.11 15.48 5.02 8.48 13.28 13.42 8.70 0.00 19.67 8.67 13.23 13.14 8.99 15.93 15.87 11.96 10.05 7.12 12.42 12.40
63.64 21.21 8.41 16.25 7.96 8.46 24.44 13.12 11.77 4.89 16.46 10.87 29.10 14.65 21.89 12.30 23.24 13.20 19.67 0.00 14.00 21.27 31.80 13.85 34.02 12.20 11.70 13.13 13.38 30.76 16.66
71.96 7.29 14.54 11.92 6.45 9.15 12.20 9.99 5.31 13.58 12.08 5.57 15.30 5.77 7.89 14.09 10.02 9.80 8.67 14.00 0.00 8.49 18.28 10.78 20.22 16.29 12.43 11.55 8.16 17.12 5.62
80.34 10.30 23.01 5.61 13.32 14.01 13.81 18.07 13.68 21.79 5.40 10.55 8.52 13.19 5.56 22.45 10.64 9.42 13.23 21.27 8.49 0.00 15.71 8.44 16.41 24.74 20.80 19.70 16.11 14.39 11.73
80.41 12.52 29.28 17.13 24.71 27.20 8.42 21.79 20.34 29.96 17.00 23.41 9.98 17.72 11.17 26.34 14.06 18.90 13.14 31.80 18.28 15.71 0.00 18.52 19.28 28.92 25.08 23.13 20.23 16.30 15.43
72.07 7.40 14.58 11.61 6.24 8.87 12.50 10.18 5.46 13.54 11.77 5.26 15.38 6.04 8.05 14.22 10.02 9.95 8.99 13.85 10.78 8.44 18.52 0.00 20.43 16.40 12.57 11.73 8.37 17.36 5.94
83.51 13.81 31.97 18.72 26.67 28.87 11.36 24.57 22.79 32.47 18.56 25.07 9.30 20.30 12.63 29.19 14.51 20.92 15.93 34.02 20.22 16.41 19.28 20.43 0.00 31.78 27.89 25.96 22.94 18.14 17.97
55.68 22.58 12.53 19.17 14.43 17.60 20.51 7.34 11.06 7.31 19.37 17.44 30.25 12.28 22.43 12.11 26.05 15.40 15.87 12.20 16.29 24.74 28.92 16.40 31.78 0.00 14.38 5.83 9.23 28.27 14.50
59.55 18.52 4.69 15.29 11.59 15.15 16.72 11.95 7.13 7.21 15.48 14.30 26.16 8.19 18.35 9.12 22.04 11.57 11.96 11.70 12.43 20.80 25.08 12.57 27.89 14.38 0.00 11.39 5.15 24.38 10.43
60.71 17.13 6.70 14.32 11.81 15.55 14.75 11.11 6.30 8.93 14.50 14.19 24.60 6.69 16.84 11.13 20.79 10.76 10.05 13.13 11.55 19.70 23.13 11.73 25.96 5.83 11.39 0.00 14.07 22.45 8.79
64.33 13.51 9.05 10.83 9.83 13.67 12.02 11.46 10.22 10.16 11.00 11.61 21.04 12.13 13.25 6.69 17.17 7.45 7.12 13.38 8.16 16.11 20.23 8.37 22.94 9.23 5.15 14.07 0.00 19.44 5.28
80.30 11.23 28.49 15.89 23.57 25.99 7.88 21.07 19.39 29.05 15.75 22.20 8.84 16.84 9.90 25.68 12.74 17.77 12.42 30.76 17.12 14.39 16.30 17.36 18.14 28.27 24.38 22.45 19.44 0.00 14.53
69.28 8.55 14.09 7.29 10.65 14.10 7.79 7.19 4.95 14.53 7.39 10.90 15.81 10.81 8.09 11.95 12.42 5.51 12.40 16.66 5.62 11.73 15.43 5.94 17.97 14.50 10.43 8.79 5.28 14.53 0.00
0	0	1700	0	0	0
1	53	133	1	0	21
2	78	158	1	0	9
3	115	195	1	0	12
4	132	212	1	0	10
5	176	256	1	0	22
6	238	318	1	0	15
7	269	349	1	0	27
8	278	358	1	0	13
9	296	376	-1	2	0
10	324	404	-1	4	0
11	334	414	1	0	16
12	365	445	-1	3	0
13	399	479	-1	8	0
14	428	508	1	0	25
15	490	570	-1	6	0
16	545	625	-1	11	0
17	566	646	1	0	19
18	579	659	1	0	26
19	610	690	-1	17	0
20	630	710	1	0	29
21	642	722	-1	1	0
22	664	744	-1	5	0
23	691	771	1	0	28
24	723	803	1	0	30
25	801	881	-1	14	0
26	834	914	-1	18	0
27	854	934	-1	7	0
28	876	956	-1	23	0
29	907	987	-1	20	0
30	931	1011	-1	24	0
C:
0 3 3 3 3 3 3 3 3 3 3 3 3 3 3 3 3 3 3 3 3 3 3 3 3 3 3 3 3 3 3 3
1 0 1 1 1 1 1 1 1 1 1 1 1 1 1 1 1 1 1 1 1 1 1 1 1 1 1 1 1 1 1 1
1 1 0 1 1 1 1 1 1 1 1 1 1 1 1 1 1 1 1 1 1 1 1 1 1 1 1 1 1 1 1 1
1 1 1 0 1 1 1 1 1 1 1 1 1 1 1 1 1 1 1 1 1 1 1 1 1 1 1 1 1 1 1 1
1 1 1 1 0 1 1 1 1 1 1 1 1 1 1 1 1 1 1 1 1 1 1 1 1 1 1 1 1 1 1 1
1 1 1 1 1 0 1 1 1 1 1 1 1 1 1 1 1 1 1 1 1 1 1 1 1 1 1 1 1 1 1 1
1 1 1 1 1 1 0 1 1 1 1 1 1 1 1 1 1 1 1 1 1 1 1 1 1 1 1 1 1 1 1 1
1 1 1 1 1 1 1 0 1 1 1 1 1 1 1 1 1 1 1 1 1 1 1 1 1 1 1 1 1 1 1 1
1 1 1 1 1 1 1 1 0 1 1 1 1 1 1 1 1 1 1 1 1 1 1 1 1 1 1 1 1 1 1 1
1 1 1 1 1 1 1 1 1 0 1 1 1 1 1 1 1 1 1 1 1 1 1 1 1 1 1 1 1 1 1 1
1 1 1 1 1 1 1 1 1 1 0 1 1 1 1 1 1 1 1 1 1 1 1 1 1 1 1 1 1 1 1 1
1 1 1 1 1 1 1 1 1 1 1 0 1 1 1 1 1 1 1 1 1 1 1 1 1 1 1 1 1 1 1 1
2 2 2 2 2 2 2 2 2 2 2 2 0 2 2 2 2 2 2 2 2 2 2 2 2 2 2 2 2 2 2 2
1 1 1 1 1 1 1 1 1 1 1 1 1 0 1 1 1 1 1 1 1 1 1 1 1 1 1 1 1 1 1 1
1 1 1 1 1 1 1 1 1 1 1 1 1 1 0 1 1 1 1 1 1 1 1 1 1 1 1 1 1 1 1 1
1 1 1 1 1 1 1 1 1 1 1 1 1 1 1 0 1 1 1 1 1 1 1 1 1 1 1 1 1 1 1 1
1 1 1 1 1 1 1 1 1 1 1 1 1 1 1 1 0 1 1 1 1 1 1 1 1 1 1 1 1 1 1 1
1 1 1 1 1 1 1 1 1 1 1 1 1 1 1 1 1 0 1 1 1 1 1 1 1 1 1 1 1 1 1 1
1 1 1 1 1 1 1 1 1 1 1 1 1 1 1 1 1 1 0 1 1 1 1 1 1 1 1 1 1 1 1 1
1 1 1 1 1 1 1 1 1 1 1 1 1 1 1 1 1 1 1 0 1 1 1 1 1 1 1 1 1 1 1 1
1 1 1 1 1 1 1 1 1 1 1 1 1 1 1 1 1 1 1 1 0 1 1 1 1 1 1 1 1 1 1 1
1 1 1 1 1 1 1 1 1 1 1 1 1 1 1 1 1 1 1 1 1 0 1 1 1 1 1 1 1 1 1 1
2 2 2 2 2 2 2 2 2 2 2 2 2 2 2 2 2 2 2 2 2 2 0 2 2 2 2 2 2 2 2 2
1 1 1 1 1 1 1 1 1 1 1 1 1 1 1 1 1 1 1 1 1 1 1 0 1 1 1 1 1 1 1 1
2 2 2 2 2 2 2 2 2 2 2 2 2 2 2 2 2 2 2 2 2 2 2 2 0 2 2 2 2 2 2 2
2 2 2 2 2 2 2 2 2 2 2 2 2 2 2 2 2 2 2 2 2 2 2 2 2 0 2 2 2 2 2 2
1 1 1 1 1 1 1 1 1 1 1 1 1 1 1 1 1 1 1 1 1 1 1 1 1 1 0 1 1 1 1 1
1 1 1 1 1 1 1 1 1 1 1 1 1 1 1 1 1 1 1 1 1 1 1 1 1 1 1 0 1 1 1 1
1 1 1 1 1 1 1 1 1 1 1 1 1 1 1 1 1 1 1 1 1 1 1 1 1 1 1 1 0 1 1 1
2 2 2 2 2 2 2 2 2 2 2 2 2 2 2 2 2 2 2 2 2 2 2 2 2 2 2 2 2 0 2 2
1 1 1 1 1 1 1 1 1 1 1 1 1 1 1 1 1 1 1 1 1 1 1 1 1 1 1 1 1 1 0 1
3 3 3 3 3 3 3 3 3 3 3 3 3 3 3 3 3 3 3 3 3 3 3 3 3 3 3 3 3 3 3 0
Time:
0	15
15	30
30	45
45	60
60	75
75	90
90	105
105	120
120	135
135	150
150	165
165	180
180	195
195	210
210	225
225	240
240	255
255	270
270	285
285	300
300	315
315	330
330	345
345	360
360	375
375	390
390	405
405	420
420	435
435	450
450	465
465	480
480	495
495	510
510	525
525	540
540	555
555	570
570	585
585	600
600	615
615	630
630	645
645	660
660	675
675	690
690	705
705	720
720	735
735	750
750	765
765	780
780	795
795	810
810	825
825	840
840	855
855	870
870	885
885	900
900	915
915	930
930	945
945	960
960	975
975	990
990	1005
1005	1020
1020	1035
1035	1050
1050	1065
1065	1080
1080	2000
Speed:
0.925	0.85	0.925	1	0.8325	0.765	0.8325	0.9	0.4625	0.425	0.4625	0.5	0.30525	0.2805	0.30525	0.33	0.37	0.34	0.37	0.4	0.555	0.51	0.555	0.6	0.6475	0.595	0.6475	0.7	0.37	0.34	0.37	0.4	0.30525	0.2805	0.30525	0.33	0.4625	0.425	0.4625	0.5	0.6475	0.595	0.6475	0.7	0.74	0.68	0.74	0.8	0.6475	0.595	0.6475	0.7	0.4625	0.425	0.4625	0.5	0.555	0.51	0.555	0.6	0.6475	0.595	0.6475	0.7	0.8325	0.765	0.8325	0.9	0.925	0.85	0.925	1	1
0.925	0.85	0.925	1	0.8325	0.765	0.8325	0.9	0.4625	0.425	0.4625	0.5	0.30525	0.2805	0.30525	0.33	0.37	0.34	0.37	0.4	0.555	0.51	0.555	0.6	0.6475	0.595	0.6475	0.7	0.37	0.34	0.37	0.4	0.30525	0.2805	0.30525	0.33	0.4625	0.425	0.4625	0.5	0.6475	0.595	0.6475	0.7	0.74	0.68	0.74	0.8	0.6475	0.595	0.6475	0.7	0.4625	0.425	0.4625	0.5	0.555	0.51	0.555	0.6	0.6475	0.595	0.6475	0.7	0.8325	0.765	0.8325	0.9	0.925	0.85	0.925	1	1
0.925	0.85	0.925	1	0.8325	0.765	0.8325	0.9	0.4625	0.425	0.4625	0.5	0.30525	0.2805	0.30525	0.33	0.37	0.34	0.37	0.4	0.555	0.51	0.555	0.6	0.6475	0.595	0.6475	0.7	0.37	0.34	0.37	0.4	0.30525	0.2805	0.30525	0.33	0.4625	0.425	0.4625	0.5	0.6475	0.595	0.6475	0.7	0.74	0.68	0.74	0.8	0.6475	0.595	0.6475	0.7	0.4625	0.425	0.4625	0.5	0.555	0.51	0.555	0.6	0.6475	0.595	0.6475	0.7	0.8325	0.765	0.8325	0.9	0.925	0.85	0.925	1	1
