31
0.00 74.84 78.07 65.77 59.12 73.61 56.87 88.39 65.17 58.56 69.96 84.01 67.73 60.09 60.76 77.45 94.70 83.72 72.58 72.01 66.88 84.67 68.45 69.42 84.86 64.10 69.15 70.78 69.18 76.62 75.90
74.84 0.00 9.17 14.24 28.44 6.46 25.60 15.02 13.86 27.87 34.43 14.01 12.78 24.02 30.78 14.56 19.91 10.56 17.26 16.79 13.14 14.62 24.33 11.14 10.30 21.29 9.30 14.89 10.24 5.56 13.88
78.07 9.17 0.00 12.70 25.24 4.90 23.97 10.68 13.07 24.97 27.89 6.18 10.68 21.46 26.71 5.95 19.96 15.92 10.59 10.45 11.48 6.88 18.54 8.81 13.41 17.71 8.95 9.64 8.90 14.66 5.92
65.77 14.24 12.70 0.00 14.21 9.27 11.68 23.37 8.57 13.63 21.93 18.31 10.21 9.80 16.66 11.90 31.97 24.68 8.59 7.85 10.87 18.96 11.89 10.26 23.62 7.30 4.99 5.71 4.26 12.49 10.30
59.12 28.44 25.24 14.21 0.00 23.06 5.05 35.50 14.69 14.82 13.19 29.48 15.76 4.55 12.12 21.63 45.19 38.84 15.78 15.52 15.32 29.99 9.51 17.59 37.54 7.54 19.16 15.63 18.30 26.10 20.44
73.61 6.46 4.90 9.27 23.06 0.00 20.94 14.79 9.31 22.61 28.04 11.06 7.40 18.87 25.07 8.66 22.73 15.97 10.79 10.34 8.03 11.76 18.03 5.49 14.48 15.62 4.62 8.53 5.02 12.03 7.70
56.87 25.60 23.97 11.68 5.05 20.94 0.00 34.58 11.81 12.96 17.95 28.97 13.57 9.60 8.49 21.47 43.60 36.15 16.01 15.54 12.91 29.55 11.98 15.51 35.27 7.28 16.59 14.88 15.94 24.14 20.05
88.39 15.02 10.68 23.37 35.50 14.79 34.58 0.00 23.70 35.33 36.01 6.40 21.35 31.96 36.61 14.17 10.78 13.84 20.00 20.11 22.14 6.14 27.81 19.46 10.10 28.05 19.32 19.91 19.45 11.80 15.13
65.17 13.86 13.07 8.57 14.69 9.31 11.81 23.70 0.00 14.05 22.89 18.84 11.22 10.20 17.29 12.70 32.04 24.37 9.66 8.91 11.88 19.50 12.91 4.27 23.48 8.07 4.80 6.72 4.31 12.55 11.11
58.56 27.87 24.97 13.63 14.82 22.61 12.96 35.33 14.05 0.00 14.19 29.38 15.26 12.05 4.48 21.58 44.89 38.30 15.77 15.46 14.77 29.90 9.93 17.13 37.09 7.28 18.61 15.42 17.79 25.70 20.33
69.96 34.43 27.89 21.93 13.19 28.04 17.95 36.01 22.89 14.19 0.00 29.62 22.46 15.85 10.17 22.35 46.70 43.61 17.46 17.79 22.52 29.88 10.20 23.60 41.30 15.16 25.81 19.54 24.70 30.25 21.99
84.01 14.01 6.18 18.31 29.48 11.06 28.97 6.40 18.84 29.38 29.62 0.00 16.32 26.18 30.40 7.90 17.10 17.22 13.80 13.98 17.16 12.53 21.49 14.59 13.81 22.16 15.05 14.11 14.87 9.00 9.05
67.73 12.78 10.68 10.21 15.76 7.40 13.57 21.35 11.22 15.26 22.46 16.32 0.00 11.48 18.00 10.12 30.04 23.08 7.59 6.85 9.66 16.97 12.28 9.04 21.85 8.51 11.32 4.49 10.21 10.58 8.53
60.09 24.02 21.46 9.80 4.55 18.87 9.60 31.96 10.20 12.05 15.85 26.18 11.48 0.00 7.58 18.54 41.30 34.48 12.93 12.51 10.96 26.74 8.86 13.37 33.33 12.09 14.78 12.08 13.99 21.99 17.18
60.76 30.78 26.71 16.66 12.12 25.07 8.49 36.61 17.29 4.48 10.17 30.40 18.00 7.58 0.00 22.50 46.64 41.00 16.62 16.51 17.67 30.86 9.24 19.72 39.46 9.49 21.49 17.10 20.55 27.97 21.48
77.45 14.56 5.95 11.90 21.63 8.66 21.47 14.17 12.70 21.58 22.35 7.90 10.12 18.54 22.50 0.00 24.56 21.84 5.89 6.12 10.97 8.37 13.65 8.93 19.15 14.44 10.42 6.71 9.72 9.18 10.80
94.70 19.91 19.96 31.97 45.19 22.73 43.60 10.78 32.04 44.89 46.70 17.10 30.04 41.30 46.64 24.56 0.00 12.06 30.21 30.20 30.73 16.90 38.15 28.09 9.91 37.65 27.29 29.59 27.75 19.50 25.30
83.72 10.56 15.92 24.68 38.84 15.97 36.15 13.84 24.37 38.30 43.61 17.22 23.08 34.48 41.00 21.84 12.06 0.00 26.16 25.86 23.53 17.51 33.84 21.29 20.87 31.52 19.70 24.38 20.53 13.38 21.80
72.58 17.26 10.59 8.59 15.78 10.79 16.01 20.00 9.66 15.77 17.46 13.80 7.59 12.93 16.62 5.89 30.21 26.16 0.00 9.88 8.21 14.27 7.98 7.60 23.93 8.79 9.84 10.12 8.76 12.80 4.91
72.01 16.79 10.45 7.85 15.52 10.34 15.54 20.11 8.91 15.46 17.79 13.98 6.85 12.51 16.51 6.12 30.20 25.86 9.88 0.00 7.46 14.47 8.10 6.91 23.72 8.38 9.17 10.19 8.08 12.48 4.97
66.88 13.14 11.48 10.87 15.32 8.03 12.91 22.14 11.88 14.77 22.52 17.16 9.66 10.96 17.67 10.97 30.73 23.53 8.21 7.46 0.00 17.82 12.37 9.71 22.41 8.23 11.99 5.16 10.88 11.24 9.37
84.67 14.62 6.88 18.96 29.99 11.76 29.55 6.14 19.50 29.90 29.88 12.53 16.97 26.74 30.86 8.37 16.90 17.51 14.27 14.47 17.82 0.00 21.90 15.25 14.04 22.70 15.73 14.68 15.55 9.66 9.58
68.45 24.33 18.54 11.89 9.51 18.03 11.98 27.81 12.91 9.93 10.20 21.49 12.28 8.86 9.24 13.65 38.15 33.84 7.98 8.10 12.37 21.90 0.00 13.41 31.80 6.05 15.62 9.50 14.51 20.47 12.86
69.42 11.14 8.81 10.26 17.59 5.49 15.51 19.46 4.27 17.13 23.60 14.59 9.04 13.37 19.72 8.93 28.09 21.29 7.60 6.91 9.71 15.25 13.41 0.00 19.96 10.23 9.07 4.54 8.58 8.65 7.38
84.86 10.30 13.41 23.62 37.54 14.48 35.27 10.10 23.48 37.09 41.30 13.81 21.85 33.33 39.46 19.15 9.91 20.87 23.93 23.72 22.41 14.04 31.80 19.96 0.00 30.07 18.69 22.50 19.37 11.49 19.32
64.10 21.29 17.71 7.30 7.54 15.62 7.28 28.05 8.07 7.28 15.16 22.16 8.51 12.09 9.49 14.44 37.65 31.52 8.79 8.38 8.23 22.70 6.05 10.23 30.07 0.00 12.01 8.14 11.06 18.60 13.12
69.15 9.30 8.95 4.99 19.16 4.62 16.59 19.32 4.80 18.61 25.81 15.05 11.32 14.78 21.49 10.42 27.29 19.70 9.84 9.17 11.99 15.73 15.62 9.07 18.69 12.01 0.00 6.82 9.11 7.84 8.97
70.78 14.89 9.64 5.71 15.63 8.53 14.88 19.91 6.72 15.42 19.54 14.11 4.49 12.08 17.10 6.71 29.59 24.38 10.12 10.19 5.16 14.68 9.50 4.54 22.50 8.14 6.82 0.00 5.72 11.05 5.21
69.18 10.24 8.90 4.26 18.30 5.02 15.94 19.45 4.31 17.79 24.70 14.87 10.21 13.99 20.55 9.72 27.75 20.53 8.76 8.08 10.88 15.55 14.51 8.58 19.37 11.06 9.11 5.72 0.00 8.25 8.22
76.62 5.56 14.66 12.49 26.10 12.03 24.14 11.80 12.55 25.70 30.25 9.00 10.58 21.99 27.97 9.18 19.50 13.38 12.80 12.48 11.24 9.66 20.47 8.65 11.49 18.60 7.84 11.05 8.25 0.00 8.74
75.90 13.88 5.92 10.30 20.44 7.70 20.05 15.13 11.11 20.33 21.99 9.05 8.53 17.18 21.48 10.80 25.30 21.80 4.91 4.97 9.37 9.58 12.86 7.38 19.32 13.12 8.97 5.21 8.22 8.74 0.00
0	0	1700	0	0	0
1	50	130	1	0	17
2	61	141	1	0	24
3	75	155	1	0	19
4	101	181	1	0	16
5	176	256	1	0	9
6	237	317	1	0	8
7	322	402	1	0	28
8	359	439	-1	6	0
9	380	460	-1	5	0
10	419	499	1	0	22
11	507	587	1	0	13
12	543	623	1	0	14
13	565	645	-1	11	0
14	577	657	-1	12	0
15	612	692	1	0	18
16	647	727	-1	4	0
17	663	743	-1	1	0
18	705	785	-1	15	0
19	721	801	-1	3	0
20	732	812	1	0	21
21	767	847	-1	20	0
22	812	892	-1	10	0
23	837	917	1	0	27
24	870	950	-1	2	0
25	926	1006	1	0	26
26	941	1021	-1	25	0
27	950	1030	-1	23	0
28	957	1037	-1	7	0
29	967	1047	1	0	30
30	977	1057	-1	29	0
C:
0 3 3 3 3 3 3 3 3 3 3 3 3 3 3 3 3 3 3 3 3 3 3 3 3 3 3 3 3 3 3 3
1 0 1 1 1 1 1 1 1 1 1 1 1 1 1 1 1 1 1 1 1 1 1 1 1 1 1 1 1 1 1 1
1 1 0 1 1 1 1 1 1 1 1 1 1 1 1 1 1 1 1 1 1 1 1 1 1 1 1 1 1 1 1 1
1 1 1 0 1 1 1 1 1 1 1 1 1 1 1 1 1 1 1 1 1 1 1 1 1 1 1 1 1 1 1 1
2 2 2 2 0 2 2 2 2 2 2 2 2 2 2 2 2 2 2 2 2 2 2 2 2 2 2 2 2 2 2 2
1 1 1 1 1 0 1 1 1 1 1 1 1 1 1 1 1 1 1 1 1 1 1 1 1 1 1 1 1 1 1 1
2 2 2 2 2 2 0 2 2 2 2 2 2 2 2 2 2 2 2 2 2 2 2 2 2 2 2 2 2 2 2 2
2 2 2 2 2 2 2 0 2 2 2 2 2 2 2 2 2 2 2 2 2 2 2 2 2 2 2 2 2 2 2 2
1 1 1 1 1 1 1 1 0 1 1 1 1 1 1 1 1 1 1 1 1 1 1 1 1 1 1 1 1 1 1 1
2 2 2 2 2 2 2 2 2 0 2 2 2 2 2 2 2 2 2 2 2 2 2 2 2 2 2 2 2 2 2 2
2 2 2 2 2 2 2 2 2 2 0 2 2 2 2 2 2 2 2 2 2 2 2 2 2 2 2 2 2 2 2 2
1 1 1 1 1 1 1 1 1 1 1 0 1 1 1 1 1 1 1 1 1 1 1 1 1 1 1 1 1 1 1 1
1 1 1 1 1 1 1 1 1 1 1 1 0 1 1 1 1 1 1 1 1 1 1 1 1 1 1 1 1 1 1 1
1 1 1 1 1 1 1 1 1 1 1 1 1 0 1 1 1 1 1 1 1 1 1 1 1 1 1 1 1 1 1 1
2 2 2 2 2 2 2 2 2 2 2 2 2 2 0 2 2 2 2 2 2 2 2 2 2 2 2 2 2 2 2 2
1 1 1 1 1 1 1 1 1 1 1 1 1 1 1 0 1 1 1 1 1 1 1 1 1 1 1 1 1 1 1 1
3 3 3 3 3 3 3 3 3 3 3 3 3 3 3 3 0 3 3 3 3 3 3 3 3 3 3 3 3 3 3 3
2 2 2 2 2 2 2 2 2 2 2 2 2 2 2 2 2 0 2 2 2 2 2 2 2 2 2 2 2 2 2 2
1 1 1 1 1 1 1 1 1 1 1 1 1 1 1 1 1 1 0 1 1 1 1 1 1 1 1 1 1 1 1 1
1 1 1 1 1 1 1 1 1 1 1 1 1 1 1 1 1 1 1 0 1 1 1 1 1 1 1 1 1 1 1 1
1 1 1 1 1 1 1 1 1 1 1 1 1 1 1 1 1 1 1 1 0 1 1 1 1 1 1 1 1 1 1 1
1 1 1 1 1 1 1 1 1 1 1 1 1 1 1 1 1 1 1 1 1 0 1 1 1 1 1 1 1 1 1 1
1 1 1 1 1 1 1 1 1 1 1 1 1 1 1 1 1 1 1 1 1 1 0 1 1 1 1 1 1 1 1 1
1 1 1 1 1 1 1 1 1 1 1 1 1 1 1 1 1 1 1 1 1 1 1 0 1 1 1 1 1 1 1 1
2 2 2 2 2 2 2 2 2 2 2 2 2 2 2 2 2 2 2 2 2 2 2 2 0 2 2 2 2 2 2 2
1 1 1 1 1 1 1 1 1 1 1 1 1 1 1 1 1 1 1 1 1 1 1 1 1 0 1 1 1 1 1 1
1 1 1 1 1 1 1 1 1 1 1 1 1 1 1 1 1 1 1 1 1 1 1 1 1 1 0 1 1 1 1 1
1 1 1 1 1 1 1 1 1 1 1 1 1 1 1 1 1 1 1 1 1 1 1 1 1 1 1 0 1 1 1 1
1 1 1 1 1 1 1 1 1 1 1 1 1 1 1 1 1 1 1 1 1 1 1 1 1 1 1 1 0 1 1 1
1 1 1 1 1 1 1 1 1 1 1 1 1 1 1 1 1 1 1 1 1 1 1 1 1 1 1 1 1 0 1 1
1 1 1 1 1 1 1 1 1 1 1 1 1 1 1 1 1 1 1 1 1 1 1 1 1 1 1 1 1 1 0 1
3 3 3 3 3 3 3 3 3 3 3 3 3 3 3 3 3 3 3 3 3 3 3 3 3 3 3 3 3 3 3 0
Time:
0	15
15	30
30	45
45	60
60	75
75	90
90	105
105	120
120	135
135	150
150	165
165	180
180	195
195	210
210	225
225	240
240	255
255	270
270	285
285	300
300	315
315	330
330	345
345	360
360	375
375	390
390	405
405	420
420	435
435	450
450	465
465	480
480	495
495	510
510	525
525	540
540	555
555	570
570	585
585	600
600	615
615	630
630	645
645	660
660	675
675	690
690	705
705	720
720	735
735	750
750	765
765	780
780	795
795	810
810	825
825	840
840	855
855	870
870	885
885	900
900	915
915	930
930	945
945	960
960	975
975	990
990	1005
1005	1020
1020	1035
1035	1050
1050	1065
1065	1080
1080	2000
Speed:
0.925	0.85	0.925	1	0.8325	0.765	0.8325	0.9	0.4625	0.425	0.4625	0.5	0.30525	0.2805	0.30525	0.33	0.37	0.34	0.37	0.4	0.555	0.51	0.555	0.6	0.6475	0.595	0.6475	0.7	0.37	0.34	0.37	0.4	0.30525	0.2805	0.30525	0.33	0.4625	0.425	0.4625	0.5	0.6475	0.595	0.6475	0.7	0.74	0.68	0.74	0.8	0.6475	0.595	0.6475	0.7	0.4625	0.425	0.4625	0.5	0.555	0.51	0.555	0.6	0.6475	0.595	0.6475	0.7	0.8325	0.765	0.8325	0.9	0.925	0.85	0.925	1	1
0.925	0.85	0.925	1	0.8325	0.765	0.8325	0.9	0.4625	0.425	0.4625	0.5	0.30525	0.2805	0.30525	0.33	0.37	0.34	0.37	0.4	0.555	0.51	0.555	0.6	0.6475	0.595	0.6475	0.7	0.37	0.34	0.37	0.4	0.30525	0.2805	0.30525	0.33	0.4625	0.425	0.4625	0.5	0.6475	0.595	0.6475	0.7	0.74	0.68	0.74	0.8	0.6475	0.595	0.6475	0.7	0.4625	0.425	0.4625	0.5	0.555	0.51	0.555	0.6	0.6475	0.595	0.6475	0.7	0.8325	0.765	0.8325	0.9	0.925	0.85	0.925	1	1
0.925	0.85	0.925	1	0.8325	0.765	0.8325	0.9	0.4625	0.425	0.4625	0.5	0.30525	0.2805	0.30525	0.33	0.37	0.34	0.37	0.4	0.555	0.51	0.555	0.6	0.6475	0.595	0.6475	0.7	0.37	0.34	0.37	0.4	0.30525	0.2805	0.30525	0.33	0.4625	0.425	0.4625	0.5	0.6475	0.595	0.6475	0.7	0.74	0.68	0.74	0.8	0.6475	0.595	0.6475	0.7	0.4625	0.425	0.4625	0.5	0.555	0.51	0.555	0.6	0.6475	0.595	0.6475	0.7	0.8325	0.765	0.8325	0.9	0.925	0.85	0.925	1	1
